100_1.jpg,0, 1, 0, 1, 0, 2, 3, 9
100_10.jpg,0, 1, 0, 1, 0, 2, 3, 9
100_11.jpg,0, 1, 0, 1, 0, 2, 3, 9
100_12.jpg,0, 1, 0, 1, 0, 2, 3, 9
100_13.jpg,0, 1, 0, 1, 0, 2, 3, 9
100_14.jpg,0, 1, 0, 1, 0, 2, 3, 9
100_15.jpg,0, 1, 0, 1, 0, 2, 3, 9
100_16.jpg,0, 1, 0, 1, 0, 2, 3, 9
100_2.jpg,0, 1, 0, 1, 0, 2, 3, 9
100_22.jpg,0, 1, 0, 1, 0, 2, 3, 9
100_23.jpg,0, 1, 0, 1, 0, 2, 3, 9
100_25.jpg,0, 1, 0, 1, 0, 2, 3, 9
100_3.jpg,0, 1, 0, 1, 0, 2, 3, 9
100_4.jpg,0, 1, 0, 1, 0, 2, 3, 9
100_6.jpg,0, 1, 0, 1, 0, 2, 3, 9
100_7.jpg,0, 1, 0, 1, 0, 2, 3, 9
101_12.jpg,0, 0, 0, 0, 1, 0, 4, 13
101_15.jpg,0, 0, 0, 0, 1, 0, 4, 13
101_17.jpg,0, 0, 0, 0, 1, 0, 4, 13
101_2.jpg,0, 0, 0, 0, 1, 0, 4, 13
101_21.jpg,0, 0, 0, 0, 1, 0, 4, 13
101_3.jpg,0, 0, 0, 0, 1, 0, 4, 13
101_33.jpg,0, 0, 0, 0, 1, 0, 4, 13
101_34.jpg,0, 0, 0, 0, 1, 0, 4, 13
101_35.jpg,0, 0, 0, 0, 1, 0, 4, 13
101_37.jpg,0, 0, 0, 0, 1, 0, 4, 13
101_6.jpg,0, 0, 0, 0, 1, 0, 4, 13
101_8.jpg,0, 0, 0, 0, 1, 0, 4, 13
102_1.jpg,0, 0, 0, 0, 0, 1, 2, 0
102_10.jpg,0, 0, 0, 0, 0, 1, 2, 0
102_11.jpg,0, 0, 0, 0, 0, 1, 2, 0
102_12.jpg,0, 0, 0, 0, 0, 1, 2, 0
102_13.jpg,0, 0, 0, 0, 0, 1, 2, 0
102_14.jpg,0, 0, 0, 0, 0, 1, 2, 0
102_18.jpg,0, 0, 0, 0, 0, 1, 2, 0
102_2.jpg,0, 0, 0, 0, 0, 1, 2, 0
102_4.jpg,0, 0, 0, 0, 0, 1, 2, 0
102_5.jpg,0, 0, 0, 0, 0, 1, 2, 0
102_6.jpg,0, 0, 0, 0, 0, 1, 2, 0
102_7.jpg,0, 0, 0, 0, 0, 1, 2, 0
102_8.jpg,0, 0, 0, 0, 0, 1, 2, 0
103_100.jpg,0, 0, 0, 0, 0, 1, 1, 15
103_101.jpg,0, 0, 0, 0, 0, 1, 1, 15
103_106.jpg,0, 0, 0, 0, 0, 1, 1, 15
103_107.jpg,0, 0, 0, 0, 0, 1, 1, 15
103_108.jpg,0, 0, 0, 0, 0, 1, 1, 15
103_109.jpg,0, 0, 0, 0, 0, 1, 1, 15
103_110.jpg,0, 0, 0, 0, 0, 1, 1, 15
103_111.jpg,0, 0, 0, 0, 0, 1, 1, 15
103_124.jpg,0, 0, 0, 0, 0, 1, 1, 15
103_125.jpg,0, 0, 0, 0, 0, 1, 1, 15
103_127.jpg,0, 0, 0, 0, 0, 1, 1, 15
103_128.jpg,0, 0, 0, 0, 0, 1, 1, 15
103_129.jpg,0, 0, 0, 0, 0, 1, 1, 15
103_130.jpg,0, 0, 0, 0, 0, 1, 1, 15
103_137.jpg,0, 0, 0, 0, 0, 1, 1, 15
103_138.jpg,0, 0, 0, 0, 0, 1, 1, 15
103_73.jpg,0, 0, 0, 0, 0, 1, 1, 15
103_75.jpg,0, 0, 0, 0, 0, 1, 1, 15
103_96.jpg,0, 0, 0, 0, 0, 1, 1, 15
103_98.jpg,0, 0, 0, 0, 0, 1, 1, 15
103_99.jpg,0, 0, 0, 0, 0, 1, 1, 15
104_1.jpg,0, 0, 1, 0, 1, 0, 1, 4
104_11.jpg,0, 0, 1, 0, 1, 0, 1, 4
104_12.jpg,0, 0, 1, 0, 1, 0, 1, 4
104_15.jpg,0, 0, 1, 0, 1, 0, 1, 4
104_18.jpg,0, 0, 1, 0, 1, 0, 1, 4
104_19.jpg,0, 0, 1, 0, 1, 0, 1, 4
104_2.jpg,0, 0, 1, 0, 1, 0, 1, 4
104_27.jpg,0, 0, 1, 0, 1, 0, 1, 4
104_28.jpg,0, 0, 1, 0, 1, 0, 1, 4
104_3.jpg,0, 0, 1, 0, 1, 0, 1, 4
104_31.jpg,0, 0, 1, 0, 1, 0, 1, 4
104_32.jpg,0, 0, 1, 0, 1, 0, 1, 4
104_4.jpg,0, 0, 1, 0, 1, 0, 1, 4
104_5.jpg,0, 0, 1, 0, 1, 0, 1, 4
104_8.jpg,0, 0, 1, 0, 1, 0, 1, 4
104_9.jpg,0, 0, 1, 0, 1, 0, 1, 4
105_1.jpg,0, 0, 0, 0, 0, 1, 2, 11
105_10.jpg,0, 0, 0, 0, 0, 1, 2, 11
105_11.jpg,0, 0, 0, 0, 0, 1, 2, 11
105_12.jpg,0, 0, 0, 0, 0, 1, 2, 11
105_13.jpg,0, 0, 0, 0, 0, 1, 2, 11
105_14.jpg,0, 0, 0, 0, 0, 1, 2, 11
105_15.jpg,0, 0, 0, 0, 0, 1, 2, 11
105_17.jpg,0, 0, 0, 0, 0, 1, 2, 11
105_18.jpg,0, 0, 0, 0, 0, 1, 2, 11
105_3.jpg,0, 0, 0, 0, 0, 1, 2, 11
105_5.jpg,0, 0, 0, 0, 0, 1, 2, 11
105_6.jpg,0, 0, 0, 0, 0, 1, 2, 11
105_7.jpg,0, 0, 0, 0, 0, 1, 2, 11
105_8.jpg,0, 0, 0, 0, 0, 1, 2, 11
105_9.jpg,0, 0, 0, 0, 0, 1, 2, 11
106_1.jpg,0, 1, 0, 1, 0, 0, 3, 9
106_10.jpg,0, 1, 0, 1, 0, 0, 3, 9
106_12.jpg,0, 1, 0, 1, 0, 0, 3, 9
106_13.jpg,0, 1, 0, 1, 0, 0, 3, 9
106_14.jpg,0, 1, 0, 1, 0, 0, 3, 9
106_15.jpg,0, 1, 0, 1, 0, 0, 3, 9
106_16.jpg,0, 1, 0, 1, 0, 0, 3, 9
106_17.jpg,0, 1, 0, 1, 0, 0, 3, 9
106_2.jpg,0, 1, 0, 1, 0, 0, 3, 9
106_20.jpg,0, 1, 0, 1, 0, 0, 3, 9
106_21.jpg,0, 1, 0, 1, 0, 0, 3, 9
106_3.jpg,0, 1, 0, 1, 0, 0, 3, 9
106_6.jpg,0, 1, 0, 1, 0, 0, 3, 9
106_7.jpg,0, 1, 0, 1, 0, 0, 3, 9
106_9.jpg,0, 1, 0, 1, 0, 0, 3, 9
107_13.jpg,0, 0, 0, 0, 0, 1, 0, 12
107_14.jpg,0, 0, 0, 0, 0, 1, 0, 12
107_18.jpg,0, 0, 0, 0, 0, 1, 0, 12
107_19.jpg,0, 0, 0, 0, 0, 1, 0, 12
107_20.jpg,0, 0, 0, 0, 0, 1, 0, 12
107_21.jpg,0, 0, 0, 0, 0, 1, 0, 12
107_22.jpg,0, 0, 0, 0, 0, 1, 0, 12
107_23.jpg,0, 0, 0, 0, 0, 1, 0, 12
107_24.jpg,0, 0, 0, 0, 0, 1, 0, 12
107_26.jpg,0, 0, 0, 0, 0, 1, 0, 12
107_27.jpg,0, 0, 0, 0, 0, 1, 0, 12
107_28.jpg,0, 0, 0, 0, 0, 1, 0, 12
107_29.jpg,0, 0, 0, 0, 0, 1, 0, 12
107_3.jpg,0, 0, 0, 0, 0, 1, 0, 12
107_31.jpg,0, 0, 0, 0, 0, 1, 0, 12
107_32.jpg,0, 0, 0, 0, 0, 1, 0, 12
107_34.jpg,0, 0, 0, 0, 0, 1, 0, 12
107_35.jpg,0, 0, 0, 0, 0, 1, 0, 12
107_36.jpg,0, 0, 0, 0, 0, 1, 0, 12
107_5.jpg,0, 0, 0, 0, 0, 1, 0, 12
107_6.jpg,0, 0, 0, 0, 0, 1, 0, 12
108_11.jpg,0, 0, 0, 0, 0, 0, 2, 0
108_12.jpg,0, 0, 0, 0, 0, 0, 2, 0
108_13.jpg,0, 0, 0, 0, 0, 0, 2, 0
108_14.jpg,0, 0, 0, 0, 0, 0, 2, 0
108_15.jpg,0, 0, 0, 0, 0, 0, 2, 0
108_17.jpg,0, 0, 0, 0, 0, 0, 2, 0
108_19.jpg,0, 0, 0, 0, 0, 0, 2, 0
108_2.jpg,0, 0, 0, 0, 0, 0, 2, 0
108_20.jpg,0, 0, 0, 0, 0, 0, 2, 0
108_21.jpg,0, 0, 0, 0, 0, 0, 2, 0
108_23.jpg,0, 0, 0, 0, 0, 0, 2, 0
108_26.jpg,0, 0, 0, 0, 0, 0, 2, 0
108_29.jpg,0, 0, 0, 0, 0, 0, 2, 0
108_3.jpg,0, 0, 0, 0, 0, 0, 2, 0
108_4.jpg,0, 0, 0, 0, 0, 0, 2, 0
108_6.jpg,0, 0, 0, 0, 0, 0, 2, 0
108_7.jpg,0, 0, 0, 0, 0, 0, 2, 0
108_9.jpg,0, 0, 0, 0, 0, 0, 2, 0
11_10.jpg,0, 0, 0, 0, 0, 1, 1, 19
11_11.jpg,0, 0, 0, 0, 0, 1, 1, 19
11_12.jpg,0, 0, 0, 0, 0, 1, 1, 19
11_13.jpg,0, 0, 0, 0, 0, 1, 1, 19
11_16.jpg,0, 0, 0, 0, 0, 1, 1, 19
11_17.jpg,0, 0, 0, 0, 0, 1, 1, 19
11_18.jpg,0, 0, 0, 0, 0, 1, 1, 19
11_19.jpg,0, 0, 0, 0, 0, 1, 1, 19
11_2.jpg,0, 0, 0, 0, 0, 1, 1, 19
11_21.jpg,0, 0, 0, 0, 0, 1, 1, 19
11_22.jpg,0, 0, 0, 0, 0, 1, 1, 19
11_24.jpg,0, 0, 0, 0, 0, 1, 1, 19
11_26.jpg,0, 0, 0, 0, 0, 1, 1, 19
11_3.jpg,0, 0, 0, 0, 0, 1, 1, 19
11_4.jpg,0, 0, 0, 0, 0, 1, 1, 19
11_7.jpg,0, 0, 0, 0, 0, 1, 1, 19
11_8.jpg,0, 0, 0, 0, 0, 1, 1, 19
11_9.jpg,0, 0, 0, 0, 0, 1, 1, 19
110_10.jpg,0, 0, 0, 1, 0, 0, 0, 6
110_11.jpg,0, 0, 0, 1, 0, 0, 0, 6
110_15.jpg,0, 0, 0, 1, 0, 0, 0, 6
110_16.jpg,0, 0, 0, 1, 0, 0, 0, 6
110_18.jpg,0, 0, 0, 1, 0, 0, 0, 6
110_21.jpg,0, 0, 0, 1, 0, 0, 0, 6
110_23.jpg,0, 0, 0, 1, 0, 0, 0, 6
110_24.jpg,0, 0, 0, 1, 0, 0, 0, 6
110_25.jpg,0, 0, 0, 1, 0, 0, 0, 6
110_28.jpg,0, 0, 0, 1, 0, 0, 0, 6
110_59.jpg,0, 0, 0, 1, 0, 0, 0, 6
110_60.jpg,0, 0, 0, 1, 0, 0, 0, 6
110_61.jpg,0, 0, 0, 1, 0, 0, 0, 6
110_7.jpg,0, 0, 0, 1, 0, 0, 0, 6
110_8.jpg,0, 0, 0, 1, 0, 0, 0, 6
110_9.jpg,0, 0, 0, 1, 0, 0, 0, 6
111_32.jpg,0, 0, 0, 0, 0, 0, 0, 1
111_33.jpg,0, 0, 0, 0, 0, 0, 0, 1
111_34.jpg,0, 0, 0, 0, 0, 0, 0, 1
111_35.jpg,0, 0, 0, 0, 0, 0, 0, 1
111_36.jpg,0, 0, 0, 0, 0, 0, 0, 1
111_38.jpg,0, 0, 0, 0, 0, 0, 0, 1
111_39.jpg,0, 0, 0, 0, 0, 0, 0, 1
111_40.jpg,0, 0, 0, 0, 0, 0, 0, 1
111_41.jpg,0, 0, 0, 0, 0, 0, 0, 1
111_42.jpg,0, 0, 0, 0, 0, 0, 0, 1
111_43.jpg,0, 0, 0, 0, 0, 0, 0, 1
111_44.jpg,0, 0, 0, 0, 0, 0, 0, 1
111_45.jpg,0, 0, 0, 0, 0, 0, 0, 1
113_22.jpg,1, 0, 0, 1, 0, 0, 0, 5
113_23.jpg,1, 0, 0, 1, 0, 0, 0, 5
113_24.jpg,1, 0, 0, 1, 0, 0, 0, 5
113_25.jpg,1, 0, 0, 1, 0, 0, 0, 5
113_26.jpg,1, 0, 0, 1, 0, 0, 0, 5
113_27.jpg,1, 0, 0, 1, 0, 0, 0, 5
113_28.jpg,1, 0, 0, 1, 0, 0, 0, 5
113_29.jpg,1, 0, 0, 1, 0, 0, 0, 5
113_30.jpg,1, 0, 0, 1, 0, 0, 0, 5
113_31.jpg,1, 0, 0, 1, 0, 0, 0, 5
113_32.jpg,1, 0, 0, 1, 0, 0, 0, 5
113_33.jpg,1, 0, 0, 1, 0, 0, 0, 5
113_34.jpg,1, 0, 0, 1, 0, 0, 0, 5
114_10.jpg,0, 0, 0, 1, 0, 0, 0, 5
114_11.jpg,0, 0, 0, 1, 0, 0, 0, 5
114_12.jpg,0, 0, 0, 1, 0, 0, 0, 5
114_13.jpg,0, 0, 0, 1, 0, 0, 0, 5
114_17.jpg,0, 0, 0, 1, 0, 0, 0, 5
114_19.jpg,0, 0, 0, 1, 0, 0, 0, 5
114_2.jpg,0, 0, 0, 1, 0, 0, 0, 5
114_20.jpg,0, 0, 0, 1, 0, 0, 0, 5
114_21.jpg,0, 0, 0, 1, 0, 0, 0, 5
114_23.jpg,0, 0, 0, 1, 0, 0, 0, 5
114_25.jpg,0, 0, 0, 1, 0, 0, 0, 5
114_3.jpg,0, 0, 0, 1, 0, 0, 0, 5
114_4.jpg,0, 0, 0, 1, 0, 0, 0, 5
114_6.jpg,0, 0, 0, 1, 0, 0, 0, 5
114_7.jpg,0, 0, 0, 1, 0, 0, 0, 5
114_8.jpg,0, 0, 0, 1, 0, 0, 0, 5
114_9.jpg,0, 0, 0, 1, 0, 0, 0, 5
12_1.jpg,0, 1, 0, 0, 0, 1, 0, 14
12_10.jpg,0, 1, 0, 0, 0, 1, 0, 14
12_11.jpg,0, 1, 0, 0, 0, 1, 0, 14
12_13.jpg,0, 1, 0, 0, 0, 1, 0, 14
12_14.jpg,0, 1, 0, 0, 0, 1, 0, 14
12_16.jpg,0, 1, 0, 0, 0, 1, 0, 14
12_18.jpg,0, 1, 0, 0, 0, 1, 0, 14
12_19.jpg,0, 1, 0, 0, 0, 1, 0, 14
12_2.jpg,0, 1, 0, 0, 0, 1, 0, 14
12_20.jpg,0, 1, 0, 0, 0, 1, 0, 14
12_21.jpg,0, 1, 0, 0, 0, 1, 0, 14
12_22.jpg,0, 1, 0, 0, 0, 1, 0, 14
12_24.jpg,0, 1, 0, 0, 0, 1, 0, 14
12_25.jpg,0, 1, 0, 0, 0, 1, 0, 14
12_26.jpg,0, 1, 0, 0, 0, 1, 0, 14
12_4.jpg,0, 1, 0, 0, 0, 1, 0, 14
12_7.jpg,0, 1, 0, 0, 0, 1, 0, 14
12_8.jpg,0, 1, 0, 0, 0, 1, 0, 14
12_9.jpg,0, 1, 0, 0, 0, 1, 0, 14
121_58.jpg,0, 0, 1, 0, 1, 0, 1, 8
121_62.jpg,0, 0, 1, 0, 1, 0, 1, 8
121_63.jpg,0, 0, 1, 0, 1, 0, 1, 8
121_64.jpg,0, 0, 1, 0, 1, 0, 1, 8
121_65.jpg,0, 0, 1, 0, 1, 0, 1, 8
121_68.jpg,0, 0, 1, 0, 1, 0, 1, 8
121_72.jpg,0, 0, 1, 0, 1, 0, 1, 8
121_74.jpg,0, 0, 1, 0, 1, 0, 1, 8
121_75.jpg,0, 0, 1, 0, 1, 0, 1, 8
121_76.jpg,0, 0, 1, 0, 1, 0, 1, 8
121_78.jpg,0, 0, 1, 0, 1, 0, 1, 8
121_79.jpg,0, 0, 1, 0, 1, 0, 1, 8
121_80.jpg,0, 0, 1, 0, 1, 0, 1, 8
121_81.jpg,0, 0, 1, 0, 1, 0, 1, 8
121_82.jpg,0, 0, 1, 0, 1, 0, 1, 8
121_83.jpg,0, 0, 1, 0, 1, 0, 1, 8
121_85.jpg,0, 0, 1, 0, 1, 0, 1, 8
122_1.jpg,0, 1, 0, 1, 0, 0, 3, 9
122_10.jpg,0, 1, 0, 1, 0, 0, 3, 9
122_11.jpg,0, 1, 0, 1, 0, 0, 3, 9
122_12.jpg,0, 1, 0, 1, 0, 0, 3, 9
122_13.jpg,0, 1, 0, 1, 0, 0, 3, 9
122_14.jpg,0, 1, 0, 1, 0, 0, 3, 9
122_15.jpg,0, 1, 0, 1, 0, 0, 3, 9
122_16.jpg,0, 1, 0, 1, 0, 0, 3, 9
122_17.jpg,0, 1, 0, 1, 0, 0, 3, 9
122_2.jpg,0, 1, 0, 1, 0, 0, 3, 9
122_3.jpg,0, 1, 0, 1, 0, 0, 3, 9
122_4.jpg,0, 1, 0, 1, 0, 0, 3, 9
122_5.jpg,0, 1, 0, 1, 0, 0, 3, 9
122_6.jpg,0, 1, 0, 1, 0, 0, 3, 9
122_7.jpg,0, 1, 0, 1, 0, 0, 3, 9
122_8.jpg,0, 1, 0, 1, 0, 0, 3, 9
122_9.jpg,0, 1, 0, 1, 0, 0, 3, 9
124_11.jpg,0, 0, 0, 0, 0, 0, 0, 12
124_13.jpg,0, 0, 0, 0, 0, 0, 0, 12
124_14.jpg,0, 0, 0, 0, 0, 0, 0, 12
124_15.jpg,0, 0, 0, 0, 0, 0, 0, 12
124_16.jpg,0, 0, 0, 0, 0, 0, 0, 12
124_18.jpg,0, 0, 0, 0, 0, 0, 0, 12
124_19.jpg,0, 0, 0, 0, 0, 0, 0, 12
124_2.jpg,0, 0, 0, 0, 0, 0, 0, 12
124_20.jpg,0, 0, 0, 0, 0, 0, 0, 12
124_21.jpg,0, 0, 0, 0, 0, 0, 0, 12
124_24.jpg,0, 0, 0, 0, 0, 0, 0, 12
124_25.jpg,0, 0, 0, 0, 0, 0, 0, 12
124_4.jpg,0, 0, 0, 0, 0, 0, 0, 12
124_5.jpg,0, 0, 0, 0, 0, 0, 0, 12
124_6.jpg,0, 0, 0, 0, 0, 0, 0, 12
124_7.jpg,0, 0, 0, 0, 0, 0, 0, 12
124_8.jpg,0, 0, 0, 0, 0, 0, 0, 12
126_1.jpg,0, 0, 1, 0, 1, 0, 1, 4
126_11.jpg,0, 0, 1, 0, 1, 0, 1, 4
126_12.jpg,0, 0, 1, 0, 1, 0, 1, 4
126_13.jpg,0, 0, 1, 0, 1, 0, 1, 4
126_15.jpg,0, 0, 1, 0, 1, 0, 1, 4
126_19.jpg,0, 0, 1, 0, 1, 0, 1, 4
126_20.jpg,0, 0, 1, 0, 1, 0, 1, 4
126_21.jpg,0, 0, 1, 0, 1, 0, 1, 4
126_22.jpg,0, 0, 1, 0, 1, 0, 1, 4
126_25.jpg,0, 0, 1, 0, 1, 0, 1, 4
126_26.jpg,0, 0, 1, 0, 1, 0, 1, 4
126_3.jpg,0, 0, 1, 0, 1, 0, 1, 4
126_4.jpg,0, 0, 1, 0, 1, 0, 1, 4
126_6.jpg,0, 0, 1, 0, 1, 0, 1, 4
126_9.jpg,0, 0, 1, 0, 1, 0, 1, 4
128_1.jpg,0, 0, 0, 1, 0, 0, 2, 17
128_11.jpg,0, 0, 0, 1, 0, 0, 2, 17
128_12.jpg,0, 0, 0, 1, 0, 0, 2, 17
128_13.jpg,0, 0, 0, 1, 0, 0, 2, 17
128_17.jpg,0, 0, 0, 1, 0, 0, 2, 17
128_18.jpg,0, 0, 0, 1, 0, 0, 2, 17
128_19.jpg,0, 0, 0, 1, 0, 0, 2, 17
128_4.jpg,0, 0, 0, 1, 0, 0, 2, 17
128_5.jpg,0, 0, 0, 1, 0, 0, 2, 17
128_6.jpg,0, 0, 0, 1, 0, 0, 2, 17
128_7.jpg,0, 0, 0, 1, 0, 0, 2, 17
128_8.jpg,0, 0, 0, 1, 0, 0, 2, 17
128_9.jpg,0, 0, 0, 1, 0, 0, 2, 17
13_1.jpg,0, 0, 0, 0, 0, 1, 1, 14
13_10.jpg,0, 0, 0, 0, 0, 1, 1, 14
13_11.jpg,0, 0, 0, 0, 0, 1, 1, 14
13_12.jpg,0, 0, 0, 0, 0, 1, 1, 14
13_13.jpg,0, 0, 0, 0, 0, 1, 1, 14
13_14.jpg,0, 0, 0, 0, 0, 1, 1, 14
13_15.jpg,0, 0, 0, 0, 0, 1, 1, 14
13_16.jpg,0, 0, 0, 0, 0, 1, 1, 14
13_2.jpg,0, 0, 0, 0, 0, 1, 1, 14
13_3.jpg,0, 0, 0, 0, 0, 1, 1, 14
13_5.jpg,0, 0, 0, 0, 0, 1, 1, 14
13_6.jpg,0, 0, 0, 0, 0, 1, 1, 14
13_7.jpg,0, 0, 0, 0, 0, 1, 1, 14
13_8.jpg,0, 0, 0, 0, 0, 1, 1, 14
130_1.jpg,1, 0, 0, 0, 0, 2, 5, 18
130_10.jpg,1, 0, 0, 0, 0, 2, 5, 18
130_11.jpg,1, 0, 0, 0, 0, 2, 5, 18
130_13.jpg,1, 0, 0, 0, 0, 2, 5, 18
130_14.jpg,1, 0, 0, 0, 0, 2, 5, 18
130_15.jpg,1, 0, 0, 0, 0, 2, 5, 18
130_2.jpg,1, 0, 0, 0, 0, 2, 5, 18
130_3.jpg,1, 0, 0, 0, 0, 2, 5, 18
130_4.jpg,1, 0, 0, 0, 0, 2, 5, 18
130_5.jpg,1, 0, 0, 0, 0, 2, 5, 18
130_7.jpg,1, 0, 0, 0, 0, 2, 5, 18
130_8.jpg,1, 0, 0, 0, 0, 2, 5, 18
131_1.jpg,0, 0, 1, 0, 1, 0, 1, 4
131_10.jpg,0, 0, 1, 0, 1, 0, 1, 4
131_11.jpg,0, 0, 1, 0, 1, 0, 1, 4
131_12.jpg,0, 0, 1, 0, 1, 0, 1, 4
131_13.jpg,0, 0, 1, 0, 1, 0, 1, 4
131_14.jpg,0, 0, 1, 0, 1, 0, 1, 4
131_15.jpg,0, 0, 1, 0, 1, 0, 1, 4
131_17.jpg,0, 0, 1, 0, 1, 0, 1, 4
131_2.jpg,0, 0, 1, 0, 1, 0, 1, 4
131_21.jpg,0, 0, 1, 0, 1, 0, 1, 4
131_22.jpg,0, 0, 1, 0, 1, 0, 1, 4
131_6.jpg,0, 0, 1, 0, 1, 0, 1, 4
131_9.jpg,0, 0, 1, 0, 1, 0, 1, 4
132_10.jpg,0, 0, 0, 0, 0, 1, 2, 3
132_14.jpg,0, 0, 0, 0, 0, 1, 2, 3
132_15.jpg,0, 0, 0, 0, 0, 1, 2, 3
132_17.jpg,0, 0, 0, 0, 0, 1, 2, 3
132_18.jpg,0, 0, 0, 0, 0, 1, 2, 3
132_19.jpg,0, 0, 0, 0, 0, 1, 2, 3
132_2.jpg,0, 0, 0, 0, 0, 1, 2, 3
132_20.jpg,0, 0, 0, 0, 0, 1, 2, 3
132_21.jpg,0, 0, 0, 0, 0, 1, 2, 3
132_22.jpg,0, 0, 0, 0, 0, 1, 2, 3
132_3.jpg,0, 0, 0, 0, 0, 1, 2, 3
132_4.jpg,0, 0, 0, 0, 0, 1, 2, 3
132_5.jpg,0, 0, 0, 0, 0, 1, 2, 3
132_6.jpg,0, 0, 0, 0, 0, 1, 2, 3
132_7.jpg,0, 0, 0, 0, 0, 1, 2, 3
132_8.jpg,0, 0, 0, 0, 0, 1, 2, 3
132_9.jpg,0, 0, 0, 0, 0, 1, 2, 3
133_1.jpg,0, 0, 0, 1, 0, 0, 2, 17
133_10.jpg,0, 0, 0, 1, 0, 0, 2, 17
133_11.jpg,0, 0, 0, 1, 0, 0, 2, 17
133_12.jpg,0, 0, 0, 1, 0, 0, 2, 17
133_13.jpg,0, 0, 0, 1, 0, 0, 2, 17
133_14.jpg,0, 0, 0, 1, 0, 0, 2, 17
133_15.jpg,0, 0, 0, 1, 0, 0, 2, 17
133_16.jpg,0, 0, 0, 1, 0, 0, 2, 17
133_2.jpg,0, 0, 0, 1, 0, 0, 2, 17
133_5.jpg,0, 0, 0, 1, 0, 0, 2, 17
133_6.jpg,0, 0, 0, 1, 0, 0, 2, 17
133_7.jpg,0, 0, 0, 1, 0, 0, 2, 17
133_8.jpg,0, 0, 0, 1, 0, 0, 2, 17
133_9.jpg,0, 0, 0, 1, 0, 0, 2, 17
134_10.jpg,0, 0, 1, 0, 1, 0, 1, 4
134_11.jpg,0, 0, 1, 0, 1, 0, 1, 4
134_12.jpg,0, 0, 1, 0, 1, 0, 1, 4
134_13.jpg,0, 0, 1, 0, 1, 0, 1, 4
134_15.jpg,0, 0, 1, 0, 1, 0, 1, 4
134_16.jpg,0, 0, 1, 0, 1, 0, 1, 4
134_17.jpg,0, 0, 1, 0, 1, 0, 1, 4
134_18.jpg,0, 0, 1, 0, 1, 0, 1, 4
134_19.jpg,0, 0, 1, 0, 1, 0, 1, 4
134_2.jpg,0, 0, 1, 0, 1, 0, 1, 4
134_5.jpg,0, 0, 1, 0, 1, 0, 1, 4
134_6.jpg,0, 0, 1, 0, 1, 0, 1, 4
134_9.jpg,0, 0, 1, 0, 1, 0, 1, 4
135_1.jpg,0, 0, 0, 1, 0, 2, 0, 7
135_10.jpg,0, 0, 0, 1, 0, 2, 0, 7
135_11.jpg,0, 0, 0, 1, 0, 2, 0, 7
135_13.jpg,0, 0, 0, 1, 0, 2, 0, 7
135_14.jpg,0, 0, 0, 1, 0, 2, 0, 7
135_15.jpg,0, 0, 0, 1, 0, 2, 0, 7
135_16.jpg,0, 0, 0, 1, 0, 2, 0, 7
135_2.jpg,0, 0, 0, 1, 0, 2, 0, 7
135_3.jpg,0, 0, 0, 1, 0, 2, 0, 7
135_4.jpg,0, 0, 0, 1, 0, 2, 0, 7
135_7.jpg,0, 0, 0, 1, 0, 2, 0, 7
135_9.jpg,0, 0, 0, 1, 0, 2, 0, 7
136_1.jpg,1, 0, 0, 0, 0, 2, 5, 18
136_10.jpg,1, 0, 0, 0, 0, 2, 5, 18
136_2.jpg,1, 0, 0, 0, 0, 2, 5, 18
136_3.jpg,1, 0, 0, 0, 0, 2, 5, 18
136_4.jpg,1, 0, 0, 0, 0, 2, 5, 18
136_7.jpg,1, 0, 0, 0, 0, 2, 5, 18
136_9.jpg,1, 0, 0, 0, 0, 2, 5, 18
137_1.jpg,0, 0, 0, 1, 0, 3, 0, 7
137_2.jpg,0, 0, 0, 1, 0, 3, 0, 7
137_3.jpg,0, 0, 0, 1, 0, 3, 0, 7
137_4.jpg,0, 0, 0, 1, 0, 3, 0, 7
137_5.jpg,0, 0, 0, 1, 0, 3, 0, 7
137_6.jpg,0, 0, 0, 1, 0, 3, 0, 7
14_1.jpg,0, 0, 0, 0, 0, 1, 0, 14
14_10.jpg,0, 0, 0, 0, 0, 1, 0, 14
14_11.jpg,0, 0, 0, 0, 0, 1, 0, 14
14_13.jpg,0, 0, 0, 0, 0, 1, 0, 14
14_14.jpg,0, 0, 0, 0, 0, 1, 0, 14
14_16.jpg,0, 0, 0, 0, 0, 1, 0, 14
14_2.jpg,0, 0, 0, 0, 0, 1, 0, 14
14_3.jpg,0, 0, 0, 0, 0, 1, 0, 14
14_4.jpg,0, 0, 0, 0, 0, 1, 0, 14
14_5.jpg,0, 0, 0, 0, 0, 1, 0, 14
14_6.jpg,0, 0, 0, 0, 0, 1, 0, 14
14_7.jpg,0, 0, 0, 0, 0, 1, 0, 14
14_9.jpg,0, 0, 0, 0, 0, 1, 0, 14
143_1.jpg,0, 0, 1, 0, 1, 0, 1, 8
143_10.jpg,0, 0, 1, 0, 1, 0, 1, 8
143_11.jpg,0, 0, 1, 0, 1, 0, 1, 8
143_12.jpg,0, 0, 1, 0, 1, 0, 1, 8
143_13.jpg,0, 0, 1, 0, 1, 0, 1, 8
143_14.jpg,0, 0, 1, 0, 1, 0, 1, 8
143_15.jpg,0, 0, 1, 0, 1, 0, 1, 8
143_16.jpg,0, 0, 1, 0, 1, 0, 1, 8
143_17.jpg,0, 0, 1, 0, 1, 0, 1, 8
143_2.jpg,0, 0, 1, 0, 1, 0, 1, 8
143_21.jpg,0, 0, 1, 0, 1, 0, 1, 8
143_22.jpg,0, 0, 1, 0, 1, 0, 1, 8
143_23.jpg,0, 0, 1, 0, 1, 0, 1, 8
143_3.jpg,0, 0, 1, 0, 1, 0, 1, 8
143_7.jpg,0, 0, 1, 0, 1, 0, 1, 8
143_8.jpg,0, 0, 1, 0, 1, 0, 1, 8
143_9.jpg,0, 0, 1, 0, 1, 0, 1, 8
144_10.jpg,0, 0, 0, 0, 0, 1, 2, 3
144_11.jpg,0, 0, 0, 0, 0, 1, 2, 3
144_12.jpg,0, 0, 0, 0, 0, 1, 2, 3
144_13.jpg,0, 0, 0, 0, 0, 1, 2, 3
144_14.jpg,0, 0, 0, 0, 0, 1, 2, 3
144_15.jpg,0, 0, 0, 0, 0, 1, 2, 3
144_19.jpg,0, 0, 0, 0, 0, 1, 2, 3
144_2.jpg,0, 0, 0, 0, 0, 1, 2, 3
144_20.jpg,0, 0, 0, 0, 0, 1, 2, 3
144_21.jpg,0, 0, 0, 0, 0, 1, 2, 3
144_22.jpg,0, 0, 0, 0, 0, 1, 2, 3
144_23.jpg,0, 0, 0, 0, 0, 1, 2, 3
144_24.jpg,0, 0, 0, 0, 0, 1, 2, 3
144_25.jpg,0, 0, 0, 0, 0, 1, 2, 3
144_26.jpg,0, 0, 0, 0, 0, 1, 2, 3
144_28.jpg,0, 0, 0, 0, 0, 1, 2, 3
144_3.jpg,0, 0, 0, 0, 0, 1, 2, 3
144_31.jpg,0, 0, 0, 0, 0, 1, 2, 3
144_32.jpg,0, 0, 0, 0, 0, 1, 2, 3
144_33.jpg,0, 0, 0, 0, 0, 1, 2, 3
144_36.jpg,0, 0, 0, 0, 0, 1, 2, 3
144_4.jpg,0, 0, 0, 0, 0, 1, 2, 3
144_5.jpg,0, 0, 0, 0, 0, 1, 2, 3
144_6.jpg,0, 0, 0, 0, 0, 1, 2, 3
144_7.jpg,0, 0, 0, 0, 0, 1, 2, 3
144_8.jpg,0, 0, 0, 0, 0, 1, 2, 3
145_1.jpg,0, 1, 0, 0, 0, 0, 0, 14
145_2.jpg,0, 1, 0, 0, 0, 0, 0, 14
145_3.jpg,0, 1, 0, 0, 0, 0, 0, 14
145_4.jpg,0, 1, 0, 0, 0, 0, 0, 14
145_6.jpg,0, 1, 0, 0, 0, 0, 0, 14
145_7.jpg,0, 1, 0, 0, 0, 0, 0, 14
145_8.jpg,0, 1, 0, 0, 0, 0, 0, 14
146_11.jpg,0, 0, 0, 1, 0, 0, 2, 17
146_12.jpg,0, 0, 0, 1, 0, 0, 2, 17
146_13.jpg,0, 0, 0, 1, 0, 0, 2, 17
146_14.jpg,0, 0, 0, 1, 0, 0, 2, 17
146_15.jpg,0, 0, 0, 1, 0, 0, 2, 17
146_16.jpg,0, 0, 0, 1, 0, 0, 2, 17
146_17.jpg,0, 0, 0, 1, 0, 0, 2, 17
146_18.jpg,0, 0, 0, 1, 0, 0, 2, 17
146_19.jpg,0, 0, 0, 1, 0, 0, 2, 17
146_22.jpg,0, 0, 0, 1, 0, 0, 2, 17
146_23.jpg,0, 0, 0, 1, 0, 0, 2, 17
148_1.jpg,0, 0, 0, 0, 1, 0, 5, 10
148_11.jpg,0, 0, 0, 0, 1, 0, 5, 10
148_12.jpg,0, 0, 0, 0, 1, 0, 5, 10
148_13.jpg,0, 0, 0, 0, 1, 0, 5, 10
148_14.jpg,0, 0, 0, 0, 1, 0, 5, 10
148_15.jpg,0, 0, 0, 0, 1, 0, 5, 10
148_2.jpg,0, 0, 0, 0, 1, 0, 5, 10
148_32.jpg,0, 0, 0, 0, 1, 0, 5, 10
148_33.jpg,0, 0, 0, 0, 1, 0, 5, 10
148_34.jpg,0, 0, 0, 0, 1, 0, 5, 10
148_35.jpg,0, 0, 0, 0, 1, 0, 5, 10
148_36.jpg,0, 0, 0, 0, 1, 0, 5, 10
148_37.jpg,0, 0, 0, 0, 1, 0, 5, 10
148_38.jpg,0, 0, 0, 0, 1, 0, 5, 10
148_39.jpg,0, 0, 0, 0, 1, 0, 5, 10
148_4.jpg,0, 0, 0, 0, 1, 0, 5, 10
148_40.jpg,0, 0, 0, 0, 1, 0, 5, 10
148_5.jpg,0, 0, 0, 0, 1, 0, 5, 10
148_6.jpg,0, 0, 0, 0, 1, 0, 5, 10
148_8.jpg,0, 0, 0, 0, 1, 0, 5, 10
148_9.jpg,0, 0, 0, 0, 1, 0, 5, 10
149_1.jpg,0, 0, 0, 0, 0, 0, 1, 19
149_10.jpg,0, 0, 0, 0, 0, 0, 1, 19
149_11.jpg,0, 0, 0, 0, 0, 0, 1, 19
149_12.jpg,0, 0, 0, 0, 0, 0, 1, 19
149_13.jpg,0, 0, 0, 0, 0, 0, 1, 19
149_14.jpg,0, 0, 0, 0, 0, 0, 1, 19
149_15.jpg,0, 0, 0, 0, 0, 0, 1, 19
149_16.jpg,0, 0, 0, 0, 0, 0, 1, 19
149_17.jpg,0, 0, 0, 0, 0, 0, 1, 19
149_18.jpg,0, 0, 0, 0, 0, 0, 1, 19
149_19.jpg,0, 0, 0, 0, 0, 0, 1, 19
149_2.jpg,0, 0, 0, 0, 0, 0, 1, 19
149_3.jpg,0, 0, 0, 0, 0, 0, 1, 19
149_4.jpg,0, 0, 0, 0, 0, 0, 1, 19
149_5.jpg,0, 0, 0, 0, 0, 0, 1, 19
149_6.jpg,0, 0, 0, 0, 0, 0, 1, 19
149_7.jpg,0, 0, 0, 0, 0, 0, 1, 19
149_8.jpg,0, 0, 0, 0, 0, 0, 1, 19
15_1.jpg,0, 0, 0, 0, 0, 1, 2, 3
15_11.jpg,0, 0, 0, 0, 0, 1, 2, 3
15_12.jpg,0, 0, 0, 0, 0, 1, 2, 3
15_13.jpg,0, 0, 0, 0, 0, 1, 2, 3
15_14.jpg,0, 0, 0, 0, 0, 1, 2, 3
15_15.jpg,0, 0, 0, 0, 0, 1, 2, 3
15_16.jpg,0, 0, 0, 0, 0, 1, 2, 3
15_18.jpg,0, 0, 0, 0, 0, 1, 2, 3
15_2.jpg,0, 0, 0, 0, 0, 1, 2, 3
15_3.jpg,0, 0, 0, 0, 0, 1, 2, 3
15_4.jpg,0, 0, 0, 0, 0, 1, 2, 3
15_5.jpg,0, 0, 0, 0, 0, 1, 2, 3
15_6.jpg,0, 0, 0, 0, 0, 1, 2, 3
15_8.jpg,0, 0, 0, 0, 0, 1, 2, 3
15_9.jpg,0, 0, 0, 0, 0, 1, 2, 3
16_10.jpg,0, 0, 0, 0, 0, 0, 2, 3
16_12.jpg,0, 0, 0, 0, 0, 0, 2, 3
16_13.jpg,0, 0, 0, 0, 0, 0, 2, 3
16_15.jpg,0, 0, 0, 0, 0, 0, 2, 3
16_16.jpg,0, 0, 0, 0, 0, 0, 2, 3
16_17.jpg,0, 0, 0, 0, 0, 0, 2, 3
16_18.jpg,0, 0, 0, 0, 0, 0, 2, 3
16_24.jpg,0, 0, 0, 0, 0, 0, 2, 3
16_4.jpg,0, 0, 0, 0, 0, 0, 2, 3
16_5.jpg,0, 0, 0, 0, 0, 0, 2, 3
16_6.jpg,0, 0, 0, 0, 0, 0, 2, 3
16_7.jpg,0, 0, 0, 0, 0, 0, 2, 3
16_8.jpg,0, 0, 0, 0, 0, 0, 2, 3
16_9.jpg,0, 0, 0, 0, 0, 0, 2, 3
17_11.jpg,0, 0, 0, 0, 0, 1, 1, 19
17_12.jpg,0, 0, 0, 0, 0, 1, 1, 19
17_13.jpg,0, 0, 0, 0, 0, 1, 1, 19
17_14.jpg,0, 0, 0, 0, 0, 1, 1, 19
17_15.jpg,0, 0, 0, 0, 0, 1, 1, 19
17_16.jpg,0, 0, 0, 0, 0, 1, 1, 19
17_17.jpg,0, 0, 0, 0, 0, 1, 1, 19
17_18.jpg,0, 0, 0, 0, 0, 1, 1, 19
17_20.jpg,0, 0, 0, 0, 0, 1, 1, 19
17_21.jpg,0, 0, 0, 0, 0, 1, 1, 19
17_4.jpg,0, 0, 0, 0, 0, 1, 1, 19
17_5.jpg,0, 0, 0, 0, 0, 1, 1, 19
20_44.jpg,0, 0, 0, 0, 0, 1, 0, 2
20_45.jpg,0, 0, 0, 0, 0, 1, 0, 2
20_46.jpg,0, 0, 0, 0, 0, 1, 0, 2
20_47.jpg,0, 0, 0, 0, 0, 1, 0, 2
20_48.jpg,0, 0, 0, 0, 0, 1, 0, 2
20_49.jpg,0, 0, 0, 0, 0, 1, 0, 2
20_51.jpg,0, 0, 0, 0, 0, 1, 0, 2
20_52.jpg,0, 0, 0, 0, 0, 1, 0, 2
20_53.jpg,0, 0, 0, 0, 0, 1, 0, 2
22_10.jpg,0, 0, 0, 0, 0, 1, 4, 19
22_14.jpg,0, 0, 0, 0, 0, 1, 4, 19
22_15.jpg,0, 0, 0, 0, 0, 1, 4, 19
22_17.jpg,0, 0, 0, 0, 0, 1, 4, 19
22_18.jpg,0, 0, 0, 0, 0, 1, 4, 19
22_19.jpg,0, 0, 0, 0, 0, 1, 4, 19
22_2.jpg,0, 0, 0, 0, 0, 1, 4, 19
22_20.jpg,0, 0, 0, 0, 0, 1, 4, 19
22_22.jpg,0, 0, 0, 0, 0, 1, 4, 19
22_25.jpg,0, 0, 0, 0, 0, 1, 4, 19
22_4.jpg,0, 0, 0, 0, 0, 1, 4, 19
22_5.jpg,0, 0, 0, 0, 0, 1, 4, 19
22_6.jpg,0, 0, 0, 0, 0, 1, 4, 19
22_7.jpg,0, 0, 0, 0, 0, 1, 4, 19
22_8.jpg,0, 0, 0, 0, 0, 1, 4, 19
24_1.jpg,0, 1, 0, 0, 0, 1, 0, 14
24_12.jpg,0, 1, 0, 0, 0, 1, 0, 14
24_13.jpg,0, 1, 0, 0, 0, 1, 0, 14
24_14.jpg,0, 1, 0, 0, 0, 1, 0, 14
24_15.jpg,0, 1, 0, 0, 0, 1, 0, 14
24_16.jpg,0, 1, 0, 0, 0, 1, 0, 14
24_19.jpg,0, 1, 0, 0, 0, 1, 0, 14
19_1.jpg,0, 0, 0, 1, 0, 0, 0, 5
19_10.jpg,0, 0, 0, 1, 0, 0, 0, 5
19_11.jpg,0, 0, 0, 1, 0, 0, 0, 5
19_12.jpg,0, 0, 0, 1, 0, 0, 0, 5
19_13.jpg,0, 0, 0, 1, 0, 0, 0, 5
19_14.jpg,0, 0, 0, 1, 0, 0, 0, 5
19_15.jpg,0, 0, 0, 1, 0, 0, 0, 5
19_16.jpg,0, 0, 0, 1, 0, 0, 0, 5
19_18.jpg,0, 0, 0, 1, 0, 0, 0, 5
19_19.jpg,0, 0, 0, 1, 0, 0, 0, 5
19_2.jpg,0, 0, 0, 1, 0, 0, 0, 5
19_20.jpg,0, 0, 0, 1, 0, 0, 0, 5
19_21.jpg,0, 0, 0, 1, 0, 0, 0, 5
19_22.jpg,0, 0, 0, 1, 0, 0, 0, 5
19_23.jpg,0, 0, 0, 1, 0, 0, 0, 5
19_24.jpg,0, 0, 0, 1, 0, 0, 0, 5
19_27.jpg,0, 0, 0, 1, 0, 0, 0, 5
19_28.jpg,0, 0, 0, 1, 0, 0, 0, 5
19_3.jpg,0, 0, 0, 1, 0, 0, 0, 5
19_30.jpg,0, 0, 0, 1, 0, 0, 0, 5
19_31.jpg,0, 0, 0, 1, 0, 0, 0, 5
19_32.jpg,0, 0, 0, 1, 0, 0, 0, 5
19_33.jpg,0, 0, 0, 1, 0, 0, 0, 5
19_34.jpg,0, 0, 0, 1, 0, 0, 0, 5
19_35.jpg,0, 0, 0, 1, 0, 0, 0, 5
19_36.jpg,0, 0, 0, 1, 0, 0, 0, 5
19_37.jpg,0, 0, 0, 1, 0, 0, 0, 5
19_39.jpg,0, 0, 0, 1, 0, 0, 0, 5
19_40.jpg,0, 0, 0, 1, 0, 0, 0, 5
19_5.jpg,0, 0, 0, 1, 0, 0, 0, 5
19_6.jpg,0, 0, 0, 1, 0, 0, 0, 5
19_7.jpg,0, 0, 0, 1, 0, 0, 0, 5
19_8.jpg,0, 0, 0, 1, 0, 0, 0, 5
19_9.jpg,0, 0, 0, 1, 0, 0, 0, 5
24_2.jpg,0, 1, 0, 0, 0, 1, 0, 14
24_21.jpg,0, 1, 0, 0, 0, 1, 0, 14
24_5.jpg,0, 1, 0, 0, 0, 1, 0, 14
24_6.jpg,0, 1, 0, 0, 0, 1, 0, 14
24_7.jpg,0, 1, 0, 0, 0, 1, 0, 14
25_10.jpg,0, 0, 0, 0, 0, 1, 1, 14
25_12.jpg,0, 0, 0, 0, 0, 1, 1, 14
25_13.jpg,0, 0, 0, 0, 0, 1, 1, 14
25_14.jpg,0, 0, 0, 0, 0, 1, 1, 14
25_3.jpg,0, 0, 0, 0, 0, 1, 1, 14
25_4.jpg,0, 0, 0, 0, 0, 1, 1, 14
25_5.jpg,0, 0, 0, 0, 0, 1, 1, 14
25_8.jpg,0, 0, 0, 0, 0, 1, 1, 14
25_9.jpg,0, 0, 0, 0, 0, 1, 1, 14
26_1.jpg,0, 0, 0, 1, 0, 1, 5, 17
26_10.jpg,0, 0, 0, 1, 0, 1, 5, 17
26_11.jpg,0, 0, 0, 1, 0, 1, 5, 17
26_12.jpg,0, 0, 0, 1, 0, 1, 5, 17
26_14.jpg,0, 0, 0, 1, 0, 1, 5, 17
26_15.jpg,0, 0, 0, 1, 0, 1, 5, 17
26_16.jpg,0, 0, 0, 1, 0, 1, 5, 17
26_17.jpg,0, 0, 0, 1, 0, 1, 5, 17
26_18.jpg,0, 0, 0, 1, 0, 1, 5, 17
26_2.jpg,0, 0, 0, 1, 0, 1, 5, 17
26_3.jpg,0, 0, 0, 1, 0, 1, 5, 17
26_6.jpg,0, 0, 0, 1, 0, 1, 5, 17
26_7.jpg,0, 0, 0, 1, 0, 1, 5, 17
26_8.jpg,0, 0, 0, 1, 0, 1, 5, 17
26_9.jpg,0, 0, 0, 1, 0, 1, 5, 17
27_1.jpg,0, 0, 0, 0, 0, 0, 2, 0
27_12.jpg,0, 0, 0, 0, 0, 0, 2, 0
27_13.jpg,0, 0, 0, 0, 0, 0, 2, 0
27_14.jpg,0, 0, 0, 0, 0, 0, 2, 0
27_15.jpg,0, 0, 0, 0, 0, 0, 2, 0
27_16.jpg,0, 0, 0, 0, 0, 0, 2, 0
27_19.jpg,0, 0, 0, 0, 0, 0, 2, 0
27_2.jpg,0, 0, 0, 0, 0, 0, 2, 0
27_25.jpg,0, 0, 0, 0, 0, 0, 2, 0
27_26.jpg,0, 0, 0, 0, 0, 0, 2, 0
27_27.jpg,0, 0, 0, 0, 0, 0, 2, 0
27_28.jpg,0, 0, 0, 0, 0, 0, 2, 0
27_3.jpg,0, 0, 0, 0, 0, 0, 2, 0
27_33.jpg,0, 0, 0, 0, 0, 0, 2, 0
27_34.jpg,0, 0, 0, 0, 0, 0, 2, 0
27_35.jpg,0, 0, 0, 0, 0, 0, 2, 0
27_37.jpg,0, 0, 0, 0, 0, 0, 2, 0
27_39.jpg,0, 0, 0, 0, 0, 0, 2, 0
27_4.jpg,0, 0, 0, 0, 0, 0, 2, 0
27_5.jpg,0, 0, 0, 0, 0, 0, 2, 0
29_1.jpg,0, 0, 0, 0, 0, 1, 0, 2
29_16.jpg,0, 0, 0, 0, 0, 1, 0, 2
29_20.jpg,0, 0, 0, 0, 0, 1, 0, 2
29_23.jpg,0, 0, 0, 0, 0, 1, 0, 2
29_24.jpg,0, 0, 0, 0, 0, 1, 0, 2
29_26.jpg,0, 0, 0, 0, 0, 1, 0, 2
29_4.jpg,0, 0, 0, 0, 0, 1, 0, 2
29_5.jpg,0, 0, 0, 0, 0, 1, 0, 2
29_7.jpg,0, 0, 0, 0, 0, 1, 0, 2
29_8.jpg,0, 0, 0, 0, 0, 1, 0, 2
30_11.jpg,0, 0, 0, 0, 1, 2, 1, 13
30_14.jpg,0, 0, 0, 0, 1, 2, 1, 13
30_16.jpg,0, 0, 0, 0, 1, 2, 1, 13
30_17.jpg,0, 0, 0, 0, 1, 2, 1, 13
30_19.jpg,0, 0, 0, 0, 1, 2, 1, 13
30_2.jpg,0, 0, 0, 0, 1, 2, 1, 13
30_20.jpg,0, 0, 0, 0, 1, 2, 1, 13
30_21.jpg,0, 0, 0, 0, 1, 2, 1, 13
30_24.jpg,0, 0, 0, 0, 1, 2, 1, 13
30_25.jpg,0, 0, 0, 0, 1, 2, 1, 13
30_26.jpg,0, 0, 0, 0, 1, 2, 1, 13
30_27.jpg,0, 0, 0, 0, 1, 2, 1, 13
30_28.jpg,0, 0, 0, 0, 1, 2, 1, 13
30_29.jpg,0, 0, 0, 0, 1, 2, 1, 13
30_37.jpg,0, 0, 0, 0, 1, 2, 1, 13
30_43.jpg,0, 0, 0, 0, 1, 2, 1, 13
30_5.jpg,0, 0, 0, 0, 1, 2, 1, 13
30_6.jpg,0, 0, 0, 0, 1, 2, 1, 13
32_10.jpg,0, 0, 0, 0, 1, 2, 5, 12
32_11.jpg,0, 0, 0, 0, 1, 2, 5, 12
32_12.jpg,0, 0, 0, 0, 1, 2, 5, 12
32_13.jpg,0, 0, 0, 0, 1, 2, 5, 12
32_15.jpg,0, 0, 0, 0, 1, 2, 5, 12
32_18.jpg,0, 0, 0, 0, 1, 2, 5, 12
32_19.jpg,0, 0, 0, 0, 1, 2, 5, 12
32_20.jpg,0, 0, 0, 0, 1, 2, 5, 12
32_21.jpg,0, 0, 0, 0, 1, 2, 5, 12
32_22.jpg,0, 0, 0, 0, 1, 2, 5, 12
32_3.jpg,0, 0, 0, 0, 1, 2, 5, 12
32_4.jpg,0, 0, 0, 0, 1, 2, 5, 12
32_5.jpg,0, 0, 0, 0, 1, 2, 5, 12
32_6.jpg,0, 0, 0, 0, 1, 2, 5, 12
32_7.jpg,0, 0, 0, 0, 1, 2, 5, 12
32_9.jpg,0, 0, 0, 0, 1, 2, 5, 12
33_1.jpg,0, 0, 0, 1, 0, 0, 5, 17
33_10.jpg,0, 0, 0, 1, 0, 0, 5, 17
33_12.jpg,0, 0, 0, 1, 0, 0, 5, 17
33_13.jpg,0, 0, 0, 1, 0, 0, 5, 17
33_14.jpg,0, 0, 0, 1, 0, 0, 5, 17
33_2.jpg,0, 0, 0, 1, 0, 0, 5, 17
33_3.jpg,0, 0, 0, 1, 0, 0, 5, 17
33_4.jpg,0, 0, 0, 1, 0, 0, 5, 17
33_6.jpg,0, 0, 0, 1, 0, 0, 5, 17
33_7.jpg,0, 0, 0, 1, 0, 0, 5, 17
33_8.jpg,0, 0, 0, 1, 0, 0, 5, 17
33_9.jpg,0, 0, 0, 1, 0, 0, 5, 17
34_1.jpg,0, 0, 1, 0, 1, 0, 1, 8
34_10.jpg,0, 0, 1, 0, 1, 0, 1, 8
34_11.jpg,0, 0, 1, 0, 1, 0, 1, 8
34_12.jpg,0, 0, 1, 0, 1, 0, 1, 8
34_13.jpg,0, 0, 1, 0, 1, 0, 1, 8
34_14.jpg,0, 0, 1, 0, 1, 0, 1, 8
34_2.jpg,0, 0, 1, 0, 1, 0, 1, 8
34_3.jpg,0, 0, 1, 0, 1, 0, 1, 8
34_4.jpg,0, 0, 1, 0, 1, 0, 1, 8
34_5.jpg,0, 0, 1, 0, 1, 0, 1, 8
34_7.jpg,0, 0, 1, 0, 1, 0, 1, 8
34_8.jpg,0, 0, 1, 0, 1, 0, 1, 8
34_9.jpg,0, 0, 1, 0, 1, 0, 1, 8
35_1.jpg,0, 1, 1, 1, 1, 2, 1, 12
35_15.jpg,0, 1, 1, 1, 1, 2, 1, 12
35_16.jpg,0, 1, 1, 1, 1, 2, 1, 12
35_17.jpg,0, 1, 1, 1, 1, 2, 1, 12
35_18.jpg,0, 1, 1, 1, 1, 2, 1, 12
35_19.jpg,0, 1, 1, 1, 1, 2, 1, 12
35_2.jpg,0, 1, 1, 1, 1, 2, 1, 12
35_20.jpg,0, 1, 1, 1, 1, 2, 1, 12
35_21.jpg,0, 1, 1, 1, 1, 2, 1, 12
35_23.jpg,0, 1, 1, 1, 1, 2, 1, 12
35_25.jpg,0, 1, 1, 1, 1, 2, 1, 12
35_26.jpg,0, 1, 1, 1, 1, 2, 1, 12
35_28.jpg,0, 1, 1, 1, 1, 2, 1, 12
35_5.jpg,0, 1, 1, 1, 1, 2, 1, 12
35_6.jpg,0, 1, 1, 1, 1, 2, 1, 12
35_8.jpg,0, 1, 1, 1, 1, 2, 1, 12
35_9.jpg,0, 1, 1, 1, 1, 2, 1, 12
36_1.jpg,0, 0, 0, 0, 0, 1, 2, 0
36_10.jpg,0, 0, 0, 0, 0, 1, 2, 0
36_12.jpg,0, 0, 0, 0, 0, 1, 2, 0
36_13.jpg,0, 0, 0, 0, 0, 1, 2, 0
36_14.jpg,0, 0, 0, 0, 0, 1, 2, 0
36_2.jpg,0, 0, 0, 0, 0, 1, 2, 0
36_20.jpg,0, 0, 0, 0, 0, 1, 2, 0
36_21.jpg,0, 0, 0, 0, 0, 1, 2, 0
36_23.jpg,0, 0, 0, 0, 0, 1, 2, 0
36_3.jpg,0, 0, 0, 0, 0, 1, 2, 0
36_4.jpg,0, 0, 0, 0, 0, 1, 2, 0
36_5.jpg,0, 0, 0, 0, 0, 1, 2, 0
36_6.jpg,0, 0, 0, 0, 0, 1, 2, 0
36_7.jpg,0, 0, 0, 0, 0, 1, 2, 0
36_8.jpg,0, 0, 0, 0, 0, 1, 2, 0
36_9.jpg,0, 0, 0, 0, 0, 1, 2, 0
37_26.jpg,0, 0, 0, 1, 0, 2, 1, 19
37_27.jpg,0, 0, 0, 1, 0, 2, 1, 19
37_28.jpg,0, 0, 0, 1, 0, 2, 1, 19
37_29.jpg,0, 0, 0, 1, 0, 2, 1, 19
37_30.jpg,0, 0, 0, 1, 0, 2, 1, 19
37_31.jpg,0, 0, 0, 1, 0, 2, 1, 19
37_32.jpg,0, 0, 0, 1, 0, 2, 1, 19
37_33.jpg,0, 0, 0, 1, 0, 2, 1, 19
37_35.jpg,0, 0, 0, 1, 0, 2, 1, 19
37_36.jpg,0, 0, 0, 1, 0, 2, 1, 19
38_10.jpg,0, 0, 0, 0, 0, 0, 5, 16
38_11.jpg,0, 0, 0, 0, 0, 0, 5, 16
38_12.jpg,0, 0, 0, 0, 0, 0, 5, 16
38_17.jpg,0, 0, 0, 0, 0, 0, 5, 16
38_18.jpg,0, 0, 0, 0, 0, 0, 5, 16
38_19.jpg,0, 0, 0, 0, 0, 0, 5, 16
38_2.jpg,0, 0, 0, 0, 0, 0, 5, 16
38_20.jpg,0, 0, 0, 0, 0, 0, 5, 16
38_21.jpg,0, 0, 0, 0, 0, 0, 5, 16
38_23.jpg,0, 0, 0, 0, 0, 0, 5, 16
38_24.jpg,0, 0, 0, 0, 0, 0, 5, 16
38_25.jpg,0, 0, 0, 0, 0, 0, 5, 16
38_26.jpg,0, 0, 0, 0, 0, 0, 5, 16
38_3.jpg,0, 0, 0, 0, 0, 0, 5, 16
38_6.jpg,0, 0, 0, 0, 0, 0, 5, 16
38_7.jpg,0, 0, 0, 0, 0, 0, 5, 16
38_8.jpg,0, 0, 0, 0, 0, 0, 5, 16
39_1.jpg,0, 1, 0, 1, 0, 2, 3, 9
39_10.jpg,0, 1, 0, 1, 0, 2, 3, 9
39_11.jpg,0, 1, 0, 1, 0, 2, 3, 9
39_12.jpg,0, 1, 0, 1, 0, 2, 3, 9
39_13.jpg,0, 1, 0, 1, 0, 2, 3, 9
39_14.jpg,0, 1, 0, 1, 0, 2, 3, 9
39_15.jpg,0, 1, 0, 1, 0, 2, 3, 9
39_16.jpg,0, 1, 0, 1, 0, 2, 3, 9
39_17.jpg,0, 1, 0, 1, 0, 2, 3, 9
39_18.jpg,0, 1, 0, 1, 0, 2, 3, 9
39_19.jpg,0, 1, 0, 1, 0, 2, 3, 9
39_2.jpg,0, 1, 0, 1, 0, 2, 3, 9
39_3.jpg,0, 1, 0, 1, 0, 2, 3, 9
39_4.jpg,0, 1, 0, 1, 0, 2, 3, 9
39_9.jpg,0, 1, 0, 1, 0, 2, 3, 9
42_1.jpg,0, 0, 0, 0, 0, 1, 2, 12
42_12.jpg,0, 0, 0, 0, 0, 1, 2, 12
42_14.jpg,0, 0, 0, 0, 0, 1, 2, 12
42_18.jpg,0, 0, 0, 0, 0, 1, 2, 12
42_21.jpg,0, 0, 0, 0, 0, 1, 2, 12
42_23.jpg,0, 0, 0, 0, 0, 1, 2, 12
42_24.jpg,0, 0, 0, 0, 0, 1, 2, 12
42_3.jpg,0, 0, 0, 0, 0, 1, 2, 12
42_31.jpg,0, 0, 0, 0, 0, 1, 2, 12
42_33.jpg,0, 0, 0, 0, 0, 1, 2, 12
42_34.jpg,0, 0, 0, 0, 0, 1, 2, 12
42_37.jpg,0, 0, 0, 0, 0, 1, 2, 12
42_39.jpg,0, 0, 0, 0, 0, 1, 2, 12
42_40.jpg,0, 0, 0, 0, 0, 1, 2, 12
42_42.jpg,0, 0, 0, 0, 0, 1, 2, 12
42_43.jpg,0, 0, 0, 0, 0, 1, 2, 12
42_44.jpg,0, 0, 0, 0, 0, 1, 2, 12
42_49.jpg,0, 0, 0, 0, 0, 1, 2, 12
42_5.jpg,0, 0, 0, 0, 0, 1, 2, 12
42_7.jpg,0, 0, 0, 0, 0, 1, 2, 12
42_8.jpg,0, 0, 0, 0, 0, 1, 2, 12
43_10.jpg,0, 0, 0, 0, 1, 2, 5, 10
43_11.jpg,0, 0, 0, 0, 1, 2, 5, 10
43_12.jpg,0, 0, 0, 0, 1, 2, 5, 10
43_13.jpg,0, 0, 0, 0, 1, 2, 5, 10
43_14.jpg,0, 0, 0, 0, 1, 2, 5, 10
43_16.jpg,0, 0, 0, 0, 1, 2, 5, 10
43_17.jpg,0, 0, 0, 0, 1, 2, 5, 10
43_18.jpg,0, 0, 0, 0, 1, 2, 5, 10
43_19.jpg,0, 0, 0, 0, 1, 2, 5, 10
43_2.jpg,0, 0, 0, 0, 1, 2, 5, 10
43_20.jpg,0, 0, 0, 0, 1, 2, 5, 10
43_27.jpg,0, 0, 0, 0, 1, 2, 5, 10
43_28.jpg,0, 0, 0, 0, 1, 2, 5, 10
43_3.jpg,0, 0, 0, 0, 1, 2, 5, 10
43_4.jpg,0, 0, 0, 0, 1, 2, 5, 10
43_7.jpg,0, 0, 0, 0, 1, 2, 5, 10
43_9.jpg,0, 0, 0, 0, 1, 2, 5, 10
44_11.jpg,0, 0, 1, 0, 1, 0, 1, 8
44_12.jpg,0, 0, 1, 0, 1, 0, 1, 8
44_14.jpg,0, 0, 1, 0, 1, 0, 1, 8
44_15.jpg,0, 0, 1, 0, 1, 0, 1, 8
44_16.jpg,0, 0, 1, 0, 1, 0, 1, 8
44_18.jpg,0, 0, 1, 0, 1, 0, 1, 8
44_19.jpg,0, 0, 1, 0, 1, 0, 1, 8
44_2.jpg,0, 0, 1, 0, 1, 0, 1, 8
44_20.jpg,0, 0, 1, 0, 1, 0, 1, 8
44_21.jpg,0, 0, 1, 0, 1, 0, 1, 8
44_4.jpg,0, 0, 1, 0, 1, 0, 1, 8
44_5.jpg,0, 0, 1, 0, 1, 0, 1, 8
44_6.jpg,0, 0, 1, 0, 1, 0, 1, 8
44_8.jpg,0, 0, 1, 0, 1, 0, 1, 8
44_9.jpg,0, 0, 1, 0, 1, 0, 1, 8
45_11.jpg,0, 0, 0, 1, 0, 3, 0, 7
45_14.jpg,0, 0, 0, 1, 0, 3, 0, 7
45_15.jpg,0, 0, 0, 1, 0, 3, 0, 7
45_16.jpg,0, 0, 0, 1, 0, 3, 0, 7
45_18.jpg,0, 0, 0, 1, 0, 3, 0, 7
45_19.jpg,0, 0, 0, 1, 0, 3, 0, 7
45_20.jpg,0, 0, 0, 1, 0, 3, 0, 7
45_22.jpg,0, 0, 0, 1, 0, 3, 0, 7
45_24.jpg,0, 0, 0, 1, 0, 3, 0, 7
45_25.jpg,0, 0, 0, 1, 0, 3, 0, 7
45_27.jpg,0, 0, 0, 1, 0, 3, 0, 7
45_29.jpg,0, 0, 0, 1, 0, 3, 0, 7
45_3.jpg,0, 0, 0, 1, 0, 3, 0, 7
45_32.jpg,0, 0, 0, 1, 0, 3, 0, 7
45_33.jpg,0, 0, 0, 1, 0, 3, 0, 7
45_34.jpg,0, 0, 0, 1, 0, 3, 0, 7
45_4.jpg,0, 0, 0, 1, 0, 3, 0, 7
45_5.jpg,0, 0, 0, 1, 0, 3, 0, 7
45_6.jpg,0, 0, 0, 1, 0, 3, 0, 7
45_7.jpg,0, 0, 0, 1, 0, 3, 0, 7
45_8.jpg,0, 0, 0, 1, 0, 3, 0, 7
46_1.jpg,0, 0, 0, 0, 0, 1, 1, 19
46_11.jpg,0, 0, 0, 0, 0, 1, 1, 19
46_12.jpg,0, 0, 0, 0, 0, 1, 1, 19
46_13.jpg,0, 0, 0, 0, 0, 1, 1, 19
46_14.jpg,0, 0, 0, 0, 0, 1, 1, 19
46_15.jpg,0, 0, 0, 0, 0, 1, 1, 19
46_16.jpg,0, 0, 0, 0, 0, 1, 1, 19
46_17.jpg,0, 0, 0, 0, 0, 1, 1, 19
46_18.jpg,0, 0, 0, 0, 0, 1, 1, 19
46_19.jpg,0, 0, 0, 0, 0, 1, 1, 19
46_21.jpg,0, 0, 0, 0, 0, 1, 1, 19
46_22.jpg,0, 0, 0, 0, 0, 1, 1, 19
46_4.jpg,0, 0, 0, 0, 0, 1, 1, 19
46_7.jpg,0, 0, 0, 0, 0, 1, 1, 19
47_2.jpg,0, 1, 0, 1, 0, 2, 3, 9
47_21.jpg,0, 1, 0, 1, 0, 2, 3, 9
47_28.jpg,0, 1, 0, 1, 0, 2, 3, 9
47_29.jpg,0, 1, 0, 1, 0, 2, 3, 9
47_33.jpg,0, 1, 0, 1, 0, 2, 3, 9
47_35.jpg,0, 1, 0, 1, 0, 2, 3, 9
47_7.jpg,0, 1, 0, 1, 0, 2, 3, 9
48_1.jpg,1, 1, 0, 0, 0, 2, 5, 9
48_10.jpg,1, 1, 0, 0, 0, 2, 5, 9
48_12.jpg,1, 1, 0, 0, 0, 2, 5, 9
48_13.jpg,1, 1, 0, 0, 0, 2, 5, 9
48_14.jpg,1, 1, 0, 0, 0, 2, 5, 9
48_15.jpg,1, 1, 0, 0, 0, 2, 5, 9
48_16.jpg,1, 1, 0, 0, 0, 2, 5, 9
48_2.jpg,1, 1, 0, 0, 0, 2, 5, 9
48_3.jpg,1, 1, 0, 0, 0, 2, 5, 9
48_4.jpg,1, 1, 0, 0, 0, 2, 5, 9
48_5.jpg,1, 1, 0, 0, 0, 2, 5, 9
48_6.jpg,1, 1, 0, 0, 0, 2, 5, 9
48_7.jpg,1, 1, 0, 0, 0, 2, 5, 9
48_9.jpg,1, 1, 0, 0, 0, 2, 5, 9
49_10.jpg,1, 0, 0, 0, 0, 2, 5, 18
49_11.jpg,1, 0, 0, 0, 0, 2, 5, 18
49_12.jpg,1, 0, 0, 0, 0, 2, 5, 18
49_13.jpg,1, 0, 0, 0, 0, 2, 5, 18
49_14.jpg,1, 0, 0, 0, 0, 2, 5, 18
49_15.jpg,1, 0, 0, 0, 0, 2, 5, 18
49_17.jpg,1, 0, 0, 0, 0, 2, 5, 18
49_18.jpg,1, 0, 0, 0, 0, 2, 5, 18
49_19.jpg,1, 0, 0, 0, 0, 2, 5, 18
49_2.jpg,1, 0, 0, 0, 0, 2, 5, 18
49_3.jpg,1, 0, 0, 0, 0, 2, 5, 18
49_4.jpg,1, 0, 0, 0, 0, 2, 5, 18
49_5.jpg,1, 0, 0, 0, 0, 2, 5, 18
49_6.jpg,1, 0, 0, 0, 0, 2, 5, 18
49_7.jpg,1, 0, 0, 0, 0, 2, 5, 18
50_1.jpg,0, 0, 1, 0, 1, 0, 1, 4
50_3.jpg,0, 0, 1, 0, 1, 0, 1, 4
50_4.jpg,0, 0, 1, 0, 1, 0, 1, 4
50_5.jpg,0, 0, 1, 0, 1, 0, 1, 4
50_6.jpg,0, 0, 1, 0, 1, 0, 1, 4
50_7.jpg,0, 0, 1, 0, 1, 0, 1, 4
50_8.jpg,0, 0, 1, 0, 1, 0, 1, 4
50_9.jpg,0, 0, 1, 0, 1, 0, 1, 4
51_39.jpg,0, 1, 0, 0, 0, 0, 3, 9
51_40.jpg,0, 1, 0, 0, 0, 0, 3, 9
51_41.jpg,0, 1, 0, 0, 0, 0, 3, 9
51_42.jpg,0, 1, 0, 0, 0, 0, 3, 9
51_44.jpg,0, 1, 0, 0, 0, 0, 3, 9
51_45.jpg,0, 1, 0, 0, 0, 0, 3, 9
51_46.jpg,0, 1, 0, 0, 0, 0, 3, 9
51_48.jpg,0, 1, 0, 0, 0, 0, 3, 9
51_49.jpg,0, 1, 0, 0, 0, 0, 3, 9
51_52.jpg,0, 1, 0, 0, 0, 0, 3, 9
51_53.jpg,0, 1, 0, 0, 0, 0, 3, 9
52_10.jpg,1, 0, 0, 1, 0, 2, 5, 7
52_11.jpg,1, 0, 0, 1, 0, 2, 5, 7
52_12.jpg,1, 0, 0, 1, 0, 2, 5, 7
52_13.jpg,1, 0, 0, 1, 0, 2, 5, 7
52_14.jpg,1, 0, 0, 1, 0, 2, 5, 7
52_18.jpg,1, 0, 0, 1, 0, 2, 5, 7
52_19.jpg,1, 0, 0, 1, 0, 2, 5, 7
52_20.jpg,1, 0, 0, 1, 0, 2, 5, 7
52_3.jpg,1, 0, 0, 1, 0, 2, 5, 7
52_4.jpg,1, 0, 0, 1, 0, 2, 5, 7
52_5.jpg,1, 0, 0, 1, 0, 2, 5, 7
52_6.jpg,1, 0, 0, 1, 0, 2, 5, 7
52_7.jpg,1, 0, 0, 1, 0, 2, 5, 7
52_8.jpg,1, 0, 0, 1, 0, 2, 5, 7
52_9.jpg,1, 0, 0, 1, 0, 2, 5, 7
53_10.jpg,0, 0, 0, 1, 0, 0, 0, 6
53_11.jpg,0, 0, 0, 1, 0, 0, 0, 6
53_12.jpg,0, 0, 0, 1, 0, 0, 0, 6
53_13.jpg,0, 0, 0, 1, 0, 0, 0, 6
53_14.jpg,0, 0, 0, 1, 0, 0, 0, 6
53_3.jpg,0, 0, 0, 1, 0, 0, 0, 6
53_4.jpg,0, 0, 0, 1, 0, 0, 0, 6
53_5.jpg,0, 0, 0, 1, 0, 0, 0, 6
53_6.jpg,0, 0, 0, 1, 0, 0, 0, 6
54_1.jpg,1, 1, 0, 1, 0, 0, 3, 18
54_2.jpg,1, 1, 0, 1, 0, 0, 3, 18
54_3.jpg,1, 1, 0, 1, 0, 0, 3, 18
54_4.jpg,1, 1, 0, 1, 0, 0, 3, 18
54_5.jpg,1, 1, 0, 1, 0, 0, 3, 18
54_6.jpg,1, 1, 0, 1, 0, 0, 3, 18
54_7.jpg,1, 1, 0, 1, 0, 0, 3, 18
54_8.jpg,1, 1, 0, 1, 0, 0, 3, 18
55_1.jpg,0, 0, 0, 0, 0, 1, 0, 12
55_10.jpg,0, 0, 0, 0, 0, 1, 0, 12
55_11.jpg,0, 0, 0, 0, 0, 1, 0, 12
55_12.jpg,0, 0, 0, 0, 0, 1, 0, 12
55_14.jpg,0, 0, 0, 0, 0, 1, 0, 12
55_2.jpg,0, 0, 0, 0, 0, 1, 0, 12
55_20.jpg,0, 0, 0, 0, 0, 1, 0, 12
55_23.jpg,0, 0, 0, 0, 0, 1, 0, 12
55_24.jpg,0, 0, 0, 0, 0, 1, 0, 12
55_26.jpg,0, 0, 0, 0, 0, 1, 0, 12
55_30.jpg,0, 0, 0, 0, 0, 1, 0, 12
55_31.jpg,0, 0, 0, 0, 0, 1, 0, 12
55_34.jpg,0, 0, 0, 0, 0, 1, 0, 12
55_35.jpg,0, 0, 0, 0, 0, 1, 0, 12
55_5.jpg,0, 0, 0, 0, 0, 1, 0, 12
55_9.jpg,0, 0, 0, 0, 0, 1, 0, 12
56_10.jpg,1, 0, 0, 0, 0, 0, 5, 18
56_11.jpg,1, 0, 0, 0, 0, 0, 5, 18
56_12.jpg,1, 0, 0, 0, 0, 0, 5, 18
56_13.jpg,1, 0, 0, 0, 0, 0, 5, 18
56_15.jpg,1, 0, 0, 0, 0, 0, 5, 18
56_16.jpg,1, 0, 0, 0, 0, 0, 5, 18
56_17.jpg,1, 0, 0, 0, 0, 0, 5, 18
56_18.jpg,1, 0, 0, 0, 0, 0, 5, 18
56_19.jpg,1, 0, 0, 0, 0, 0, 5, 18
56_2.jpg,1, 0, 0, 0, 0, 0, 5, 18
56_20.jpg,1, 0, 0, 0, 0, 0, 5, 18
56_21.jpg,1, 0, 0, 0, 0, 0, 5, 18
56_22.jpg,1, 0, 0, 0, 0, 0, 5, 18
56_3.jpg,1, 0, 0, 0, 0, 0, 5, 18
56_5.jpg,1, 0, 0, 0, 0, 0, 5, 18
56_6.jpg,1, 0, 0, 0, 0, 0, 5, 18
56_7.jpg,1, 0, 0, 0, 0, 0, 5, 18
56_8.jpg,1, 0, 0, 0, 0, 0, 5, 18
56_9.jpg,1, 0, 0, 0, 0, 0, 5, 18
57_1.jpg,1, 0, 0, 0, 0, 0, 5, 12
57_2.jpg,1, 0, 0, 0, 0, 0, 5, 12
57_3.jpg,1, 0, 0, 0, 0, 0, 5, 12
57_5.jpg,1, 0, 0, 0, 0, 0, 5, 12
57_6.jpg,1, 0, 0, 0, 0, 0, 5, 12
57_7.jpg,1, 0, 0, 0, 0, 0, 5, 12
58_1.jpg,0, 0, 0, 0, 0, 1, 2, 0
58_10.jpg,0, 0, 0, 0, 0, 1, 2, 0
58_11.jpg,0, 0, 0, 0, 0, 1, 2, 0
58_13.jpg,0, 0, 0, 0, 0, 1, 2, 0
58_15.jpg,0, 0, 0, 0, 0, 1, 2, 0
58_18.jpg,0, 0, 0, 0, 0, 1, 2, 0
58_2.jpg,0, 0, 0, 0, 0, 1, 2, 0
58_9.jpg,0, 0, 0, 0, 0, 1, 2, 0
59_1.jpg,1, 1, 0, 1, 0, 2, 4, 18
59_10.jpg,1, 1, 0, 1, 0, 2, 4, 18
59_11.jpg,1, 1, 0, 1, 0, 2, 4, 18
59_2.jpg,1, 1, 0, 1, 0, 2, 4, 18
59_3.jpg,1, 1, 0, 1, 0, 2, 4, 18
59_4.jpg,1, 1, 0, 1, 0, 2, 4, 18
59_5.jpg,1, 1, 0, 1, 0, 2, 4, 18
59_6.jpg,1, 1, 0, 1, 0, 2, 4, 18
59_7.jpg,1, 1, 0, 1, 0, 2, 4, 18
59_9.jpg,1, 1, 0, 1, 0, 2, 4, 18
61_1.jpg,0, 0, 0, 1, 0, 0, 0, 2
61_12.jpg,0, 0, 0, 1, 0, 0, 0, 2
61_13.jpg,0, 0, 0, 1, 0, 0, 0, 2
61_15.jpg,0, 0, 0, 1, 0, 0, 0, 2
61_17.jpg,0, 0, 0, 1, 0, 0, 0, 2
61_18.jpg,0, 0, 0, 1, 0, 0, 0, 2
61_19.jpg,0, 0, 0, 1, 0, 0, 0, 2
61_2.jpg,0, 0, 0, 1, 0, 0, 0, 2
61_21.jpg,0, 0, 0, 1, 0, 0, 0, 2
61_22.jpg,0, 0, 0, 1, 0, 0, 0, 2
61_24.jpg,0, 0, 0, 1, 0, 0, 0, 2
61_3.jpg,0, 0, 0, 1, 0, 0, 0, 2
61_4.jpg,0, 0, 0, 1, 0, 0, 0, 2
61_7.jpg,0, 0, 0, 1, 0, 0, 0, 2
61_8.jpg,0, 0, 0, 1, 0, 0, 0, 2
61_9.jpg,0, 0, 0, 1, 0, 0, 0, 2
62_1.jpg,0, 0, 0, 0, 0, 0, 2, 12
62_14.jpg,0, 0, 0, 0, 0, 0, 2, 12
62_18.jpg,0, 0, 0, 0, 0, 0, 2, 12
62_23.jpg,0, 0, 0, 0, 0, 0, 2, 12
62_29.jpg,0, 0, 0, 0, 0, 0, 2, 12
62_3.jpg,0, 0, 0, 0, 0, 0, 2, 12
62_31.jpg,0, 0, 0, 0, 0, 0, 2, 12
62_4.jpg,0, 0, 0, 0, 0, 0, 2, 12
62_5.jpg,0, 0, 0, 0, 0, 0, 2, 12
62_8.jpg,0, 0, 0, 0, 0, 0, 2, 12
63_1.jpg,0, 0, 0, 0, 0, 1, 2, 12
63_13.jpg,0, 0, 0, 0, 0, 1, 2, 12
63_17.jpg,0, 0, 0, 0, 0, 1, 2, 12
63_2.jpg,0, 0, 0, 0, 0, 1, 2, 12
63_4.jpg,0, 0, 0, 0, 0, 1, 2, 12
63_5.jpg,0, 0, 0, 0, 0, 1, 2, 12
63_6.jpg,0, 0, 0, 0, 0, 1, 2, 12
63_8.jpg,0, 0, 0, 0, 0, 1, 2, 12
64_12.jpg,0, 0, 0, 0, 0, 1, 5, 16
64_15.jpg,0, 0, 0, 0, 0, 1, 5, 16
64_17.jpg,0, 0, 0, 0, 0, 1, 5, 16
64_18.jpg,0, 0, 0, 0, 0, 1, 5, 16
64_2.jpg,0, 0, 0, 0, 0, 1, 5, 16
64_20.jpg,0, 0, 0, 0, 0, 1, 5, 16
64_3.jpg,0, 0, 0, 0, 0, 1, 5, 16
64_4.jpg,0, 0, 0, 0, 0, 1, 5, 16
64_6.jpg,0, 0, 0, 0, 0, 1, 5, 16
64_7.jpg,0, 0, 0, 0, 0, 1, 5, 16
64_8.jpg,0, 0, 0, 0, 0, 1, 5, 16
65_1.jpg,0, 0, 0, 0, 0, 0, 5, 16
65_10.jpg,0, 0, 0, 0, 0, 0, 5, 16
65_11.jpg,0, 0, 0, 0, 0, 0, 5, 16
65_13.jpg,0, 0, 0, 0, 0, 0, 5, 16
65_14.jpg,0, 0, 0, 0, 0, 0, 5, 16
65_17.jpg,0, 0, 0, 0, 0, 0, 5, 16
65_18.jpg,0, 0, 0, 0, 0, 0, 5, 16
65_3.jpg,0, 0, 0, 0, 0, 0, 5, 16
65_5.jpg,0, 0, 0, 0, 0, 0, 5, 16
65_6.jpg,0, 0, 0, 0, 0, 0, 5, 16
68_1.jpg,0, 0, 0, 0, 1, 0, 1, 13
68_10.jpg,0, 0, 0, 0, 1, 0, 1, 13
68_14.jpg,0, 0, 0, 0, 1, 0, 1, 13
68_16.jpg,0, 0, 0, 0, 1, 0, 1, 13
68_18.jpg,0, 0, 0, 0, 1, 0, 1, 13
68_19.jpg,0, 0, 0, 0, 1, 0, 1, 13
68_2.jpg,0, 0, 0, 0, 1, 0, 1, 13
68_20.jpg,0, 0, 0, 0, 1, 0, 1, 13
68_22.jpg,0, 0, 0, 0, 1, 0, 1, 13
68_28.jpg,0, 0, 0, 0, 1, 0, 1, 13
68_31.jpg,0, 0, 0, 0, 1, 0, 1, 13
68_32.jpg,0, 0, 0, 0, 1, 0, 1, 13
68_33.jpg,0, 0, 0, 0, 1, 0, 1, 13
68_34.jpg,0, 0, 0, 0, 1, 0, 1, 13
68_4.jpg,0, 0, 0, 0, 1, 0, 1, 13
68_7.jpg,0, 0, 0, 0, 1, 0, 1, 13
68_8.jpg,0, 0, 0, 0, 1, 0, 1, 13
69_1.jpg,0, 0, 0, 0, 0, 0, 1, 12
69_10.jpg,0, 0, 0, 0, 0, 0, 1, 12
69_11.jpg,0, 0, 0, 0, 0, 0, 1, 12
69_13.jpg,0, 0, 0, 0, 0, 0, 1, 12
69_14.jpg,0, 0, 0, 0, 0, 0, 1, 12
69_15.jpg,0, 0, 0, 0, 0, 0, 1, 12
69_16.jpg,0, 0, 0, 0, 0, 0, 1, 12
69_17.jpg,0, 0, 0, 0, 0, 0, 1, 12
69_19.jpg,0, 0, 0, 0, 0, 0, 1, 12
69_21.jpg,0, 0, 0, 0, 0, 0, 1, 12
69_22.jpg,0, 0, 0, 0, 0, 0, 1, 12
69_3.jpg,0, 0, 0, 0, 0, 0, 1, 12
69_4.jpg,0, 0, 0, 0, 0, 0, 1, 12
69_5.jpg,0, 0, 0, 0, 0, 0, 1, 12
69_6.jpg,0, 0, 0, 0, 0, 0, 1, 12
69_7.jpg,0, 0, 0, 0, 0, 0, 1, 12
69_8.jpg,0, 0, 0, 0, 0, 0, 1, 12
71_1.jpg,1, 0, 0, 0, 0, 2, 5, 18
71_10.jpg,1, 0, 0, 0, 0, 2, 5, 18
71_12.jpg,1, 0, 0, 0, 0, 2, 5, 18
71_13.jpg,1, 0, 0, 0, 0, 2, 5, 18
71_2.jpg,1, 0, 0, 0, 0, 2, 5, 18
71_4.jpg,1, 0, 0, 0, 0, 2, 5, 18
71_5.jpg,1, 0, 0, 0, 0, 2, 5, 18
71_7.jpg,1, 0, 0, 0, 0, 2, 5, 18
71_8.jpg,1, 0, 0, 0, 0, 2, 5, 18
71_9.jpg,1, 0, 0, 0, 0, 2, 5, 18
72_1.jpg,0, 0, 0, 1, 0, 0, 0, 2
72_10.jpg,0, 0, 0, 1, 0, 0, 0, 2
72_11.jpg,0, 0, 0, 1, 0, 0, 0, 2
72_12.jpg,0, 0, 0, 1, 0, 0, 0, 2
72_13.jpg,0, 0, 0, 1, 0, 0, 0, 2
72_14.jpg,0, 0, 0, 1, 0, 0, 0, 2
72_2.jpg,0, 0, 0, 1, 0, 0, 0, 2
72_3.jpg,0, 0, 0, 1, 0, 0, 0, 2
72_4.jpg,0, 0, 0, 1, 0, 0, 0, 2
72_6.jpg,0, 0, 0, 1, 0, 0, 0, 2
72_7.jpg,0, 0, 0, 1, 0, 0, 0, 2
72_9.jpg,0, 0, 0, 1, 0, 0, 0, 2
75_1.jpg,0, 0, 0, 0, 0, 0, 5, 12
75_11.jpg,0, 0, 0, 0, 0, 0, 5, 12
75_4.jpg,0, 0, 0, 0, 0, 0, 5, 12
75_5.jpg,0, 0, 0, 0, 0, 0, 5, 12
75_6.jpg,0, 0, 0, 0, 0, 0, 5, 12
75_9.jpg,0, 0, 0, 0, 0, 0, 5, 12
76_1.jpg,0, 1, 0, 1, 0, 2, 3, 9
76_11.jpg,0, 1, 0, 1, 0, 2, 3, 9
76_12.jpg,0, 1, 0, 1, 0, 2, 3, 9
76_14.jpg,0, 1, 0, 1, 0, 2, 3, 9
76_16.jpg,0, 1, 0, 1, 0, 2, 3, 9
76_17.jpg,0, 1, 0, 1, 0, 2, 3, 9
76_2.jpg,0, 1, 0, 1, 0, 2, 3, 9
76_3.jpg,0, 1, 0, 1, 0, 2, 3, 9
76_4.jpg,0, 1, 0, 1, 0, 2, 3, 9
76_5.jpg,0, 1, 0, 1, 0, 2, 3, 9
76_7.jpg,0, 1, 0, 1, 0, 2, 3, 9
76_8.jpg,0, 1, 0, 1, 0, 2, 3, 9
76_9.jpg,0, 1, 0, 1, 0, 2, 3, 9
77_1.jpg,0, 0, 0, 0, 1, 2, 1, 13
77_15.jpg,0, 0, 0, 0, 1, 2, 1, 13
77_16.jpg,0, 0, 0, 0, 1, 2, 1, 13
77_17.jpg,0, 0, 0, 0, 1, 2, 1, 13
77_18.jpg,0, 0, 0, 0, 1, 2, 1, 13
77_19.jpg,0, 0, 0, 0, 1, 2, 1, 13
77_20.jpg,0, 0, 0, 0, 1, 2, 1, 13
77_21.jpg,0, 0, 0, 0, 1, 2, 1, 13
77_3.jpg,0, 0, 0, 0, 1, 2, 1, 13
78_1.jpg,0, 0, 1, 0, 1, 0, 1, 8
78_11.jpg,0, 0, 1, 0, 1, 0, 1, 8
78_12.jpg,0, 0, 1, 0, 1, 0, 1, 8
78_13.jpg,0, 0, 1, 0, 1, 0, 1, 8
78_15.jpg,0, 0, 1, 0, 1, 0, 1, 8
78_2.jpg,0, 0, 1, 0, 1, 0, 1, 8
78_3.jpg,0, 0, 1, 0, 1, 0, 1, 8
78_6.jpg,0, 0, 1, 0, 1, 0, 1, 8
79_1.jpg,0, 0, 0, 0, 1, 2, 1, 13
79_13.jpg,0, 0, 0, 0, 1, 2, 1, 13
79_15.jpg,0, 0, 0, 0, 1, 2, 1, 13
79_16.jpg,0, 0, 0, 0, 1, 2, 1, 13
79_17.jpg,0, 0, 0, 0, 1, 2, 1, 13
79_18.jpg,0, 0, 0, 0, 1, 2, 1, 13
79_19.jpg,0, 0, 0, 0, 1, 2, 1, 13
79_2.jpg,0, 0, 0, 0, 1, 2, 1, 13
79_20.jpg,0, 0, 0, 0, 1, 2, 1, 13
79_21.jpg,0, 0, 0, 0, 1, 2, 1, 13
79_23.jpg,0, 0, 0, 0, 1, 2, 1, 13
79_24.jpg,0, 0, 0, 0, 1, 2, 1, 13
79_5.jpg,0, 0, 0, 0, 1, 2, 1, 13
79_8.jpg,0, 0, 0, 0, 1, 2, 1, 13
79_9.jpg,0, 0, 0, 0, 1, 2, 1, 13
80_1.jpg,0, 0, 0, 0, 0, 0, 3, 19
80_10.jpg,0, 0, 0, 0, 0, 0, 3, 19
80_11.jpg,0, 0, 0, 0, 0, 0, 3, 19
80_13.jpg,0, 0, 0, 0, 0, 0, 3, 19
80_15.jpg,0, 0, 0, 0, 0, 0, 3, 19
80_17.jpg,0, 0, 0, 0, 0, 0, 3, 19
80_2.jpg,0, 0, 0, 0, 0, 0, 3, 19
80_21.jpg,0, 0, 0, 0, 0, 0, 3, 19
80_3.jpg,0, 0, 0, 0, 0, 0, 3, 19
80_4.jpg,0, 0, 0, 0, 0, 0, 3, 19
80_6.jpg,0, 0, 0, 0, 0, 0, 3, 19
80_7.jpg,0, 0, 0, 0, 0, 0, 3, 19
80_8.jpg,0, 0, 0, 0, 0, 0, 3, 19
81_37.jpg,0, 0, 0, 0, 0, 2, 1, 15
81_41.jpg,0, 0, 0, 0, 0, 2, 1, 15
81_42.jpg,0, 0, 0, 0, 0, 2, 1, 15
81_43.jpg,0, 0, 0, 0, 0, 2, 1, 15
81_44.jpg,0, 0, 0, 0, 0, 2, 1, 15
81_45.jpg,0, 0, 0, 0, 0, 2, 1, 15
81_47.jpg,0, 0, 0, 0, 0, 2, 1, 15
81_49.jpg,0, 0, 0, 0, 0, 2, 1, 15
81_50.jpg,0, 0, 0, 0, 0, 2, 1, 15
81_52.jpg,0, 0, 0, 0, 0, 2, 1, 15
81_53.jpg,0, 0, 0, 0, 0, 2, 1, 15
82_26.jpg,0, 0, 0, 1, 0, 1, 0, 2
82_27.jpg,0, 0, 0, 1, 0, 1, 0, 2
82_28.jpg,0, 0, 0, 1, 0, 1, 0, 2
82_29.jpg,0, 0, 0, 1, 0, 1, 0, 2
82_30.jpg,0, 0, 0, 1, 0, 1, 0, 2
82_31.jpg,0, 0, 0, 1, 0, 1, 0, 2
82_32.jpg,0, 0, 0, 1, 0, 1, 0, 2
82_33.jpg,0, 0, 0, 1, 0, 1, 0, 2
82_34.jpg,0, 0, 0, 1, 0, 1, 0, 2
83_10.jpg,0, 0, 0, 0, 0, 3, 1, 15
83_13.jpg,0, 0, 0, 0, 0, 3, 1, 15
83_14.jpg,0, 0, 0, 0, 0, 3, 1, 15
83_15.jpg,0, 0, 0, 0, 0, 3, 1, 15
83_2.jpg,0, 0, 0, 0, 0, 3, 1, 15
83_3.jpg,0, 0, 0, 0, 0, 3, 1, 15
83_4.jpg,0, 0, 0, 0, 0, 3, 1, 15
83_6.jpg,0, 0, 0, 0, 0, 3, 1, 15
83_7.jpg,0, 0, 0, 0, 0, 3, 1, 15
83_9.jpg,0, 0, 0, 0, 0, 3, 1, 15
84_1.jpg,1, 0, 0, 0, 0, 2, 5, 18
84_14.jpg,1, 0, 0, 0, 0, 2, 5, 18
84_15.jpg,1, 0, 0, 0, 0, 2, 5, 18
84_16.jpg,1, 0, 0, 0, 0, 2, 5, 18
84_17.jpg,1, 0, 0, 0, 0, 2, 5, 18
84_2.jpg,1, 0, 0, 0, 0, 2, 5, 18
84_22.jpg,1, 0, 0, 0, 0, 2, 5, 18
84_23.jpg,1, 0, 0, 0, 0, 2, 5, 18
84_3.jpg,1, 0, 0, 0, 0, 2, 5, 18
84_5.jpg,1, 0, 0, 0, 0, 2, 5, 18
85_1.jpg,0, 0, 0, 1, 0, 0, 2, 17
85_2.jpg,0, 0, 0, 1, 0, 0, 2, 17
85_3.jpg,0, 0, 0, 1, 0, 0, 2, 17
85_4.jpg,0, 0, 0, 1, 0, 0, 2, 17
85_5.jpg,0, 0, 0, 1, 0, 0, 2, 17
85_6.jpg,0, 0, 0, 1, 0, 0, 2, 17
85_7.jpg,0, 0, 0, 1, 0, 0, 2, 17
85_8.jpg,0, 0, 0, 1, 0, 0, 2, 17
87_10.jpg,0, 0, 0, 0, 0, 1, 2, 3
87_11.jpg,0, 0, 0, 0, 0, 1, 2, 3
87_12.jpg,0, 0, 0, 0, 0, 1, 2, 3
87_13.jpg,0, 0, 0, 0, 0, 1, 2, 3
87_14.jpg,0, 0, 0, 0, 0, 1, 2, 3
87_15.jpg,0, 0, 0, 0, 0, 1, 2, 3
87_16.jpg,0, 0, 0, 0, 0, 1, 2, 3
87_17.jpg,0, 0, 0, 0, 0, 1, 2, 3
87_4.jpg,0, 0, 0, 0, 0, 1, 2, 3
87_5.jpg,0, 0, 0, 0, 0, 1, 2, 3
87_6.jpg,0, 0, 0, 0, 0, 1, 2, 3
87_7.jpg,0, 0, 0, 0, 0, 1, 2, 3
87_8.jpg,0, 0, 0, 0, 0, 1, 2, 3
88_10.jpg,0, 0, 0, 0, 0, 0, 0, 1
88_11.jpg,0, 0, 0, 0, 0, 0, 0, 1
88_14.jpg,0, 0, 0, 0, 0, 0, 0, 1
88_2.jpg,0, 0, 0, 0, 0, 0, 0, 1
88_5.jpg,0, 0, 0, 0, 0, 0, 0, 1
88_6.jpg,0, 0, 0, 0, 0, 0, 0, 1
88_7.jpg,0, 0, 0, 0, 0, 0, 0, 1
88_8.jpg,0, 0, 0, 0, 0, 0, 0, 1
88_9.jpg,0, 0, 0, 0, 0, 0, 0, 1
89_31.jpg,0, 0, 0, 0, 0, 1, 0, 14
89_32.jpg,0, 0, 0, 0, 0, 1, 0, 14
89_34.jpg,0, 0, 0, 0, 0, 1, 0, 14
89_35.jpg,0, 0, 0, 0, 0, 1, 0, 14
89_36.jpg,0, 0, 0, 0, 0, 1, 0, 14
89_37.jpg,0, 0, 0, 0, 0, 1, 0, 14
89_38.jpg,0, 0, 0, 0, 0, 1, 0, 14
89_40.jpg,0, 0, 0, 0, 0, 1, 0, 14
89_41.jpg,0, 0, 0, 0, 0, 1, 0, 14
89_42.jpg,0, 0, 0, 0, 0, 1, 0, 14
89_43.jpg,0, 0, 0, 0, 0, 1, 0, 14
89_44.jpg,0, 0, 0, 0, 0, 1, 0, 14
89_45.jpg,0, 0, 0, 0, 0, 1, 0, 14
89_46.jpg,0, 0, 0, 0, 0, 1, 0, 14
90_12.jpg,0, 0, 1, 0, 1, 0, 1, 8
90_13.jpg,0, 0, 1, 0, 1, 0, 1, 8
90_14.jpg,0, 0, 1, 0, 1, 0, 1, 8
90_16.jpg,0, 0, 1, 0, 1, 0, 1, 8
90_17.jpg,0, 0, 1, 0, 1, 0, 1, 8
90_18.jpg,0, 0, 1, 0, 1, 0, 1, 8
90_2.jpg,0, 0, 1, 0, 1, 0, 1, 8
90_20.jpg,0, 0, 1, 0, 1, 0, 1, 8
90_21.jpg,0, 0, 1, 0, 1, 0, 1, 8
90_23.jpg,0, 0, 1, 0, 1, 0, 1, 8
90_3.jpg,0, 0, 1, 0, 1, 0, 1, 8
90_7.jpg,0, 0, 1, 0, 1, 0, 1, 8
90_9.jpg,0, 0, 1, 0, 1, 0, 1, 8
91_1.jpg,0, 0, 0, 0, 0, 0, 5, 16
91_12.jpg,0, 0, 0, 0, 0, 0, 5, 16
91_13.jpg,0, 0, 0, 0, 0, 0, 5, 16
91_14.jpg,0, 0, 0, 0, 0, 0, 5, 16
91_15.jpg,0, 0, 0, 0, 0, 0, 5, 16
91_17.jpg,0, 0, 0, 0, 0, 0, 5, 16
91_18.jpg,0, 0, 0, 0, 0, 0, 5, 16
91_2.jpg,0, 0, 0, 0, 0, 0, 5, 16
91_20.jpg,0, 0, 0, 0, 0, 0, 5, 16
91_22.jpg,0, 0, 0, 0, 0, 0, 5, 16
91_24.jpg,0, 0, 0, 0, 0, 0, 5, 16
91_29.jpg,0, 0, 0, 0, 0, 0, 5, 16
91_3.jpg,0, 0, 0, 0, 0, 0, 5, 16
91_31.jpg,0, 0, 0, 0, 0, 0, 5, 16
91_32.jpg,0, 0, 0, 0, 0, 0, 5, 16
91_33.jpg,0, 0, 0, 0, 0, 0, 5, 16
91_5.jpg,0, 0, 0, 0, 0, 0, 5, 16
91_6.jpg,0, 0, 0, 0, 0, 0, 5, 16
91_7.jpg,0, 0, 0, 0, 0, 0, 5, 16
91_8.jpg,0, 0, 0, 0, 0, 0, 5, 16
91_9.jpg,0, 0, 0, 0, 0, 0, 5, 16
92_32.jpg,0, 0, 0, 1, 0, 1, 0, 2
92_33.jpg,0, 0, 0, 1, 0, 1, 0, 2
92_34.jpg,0, 0, 0, 1, 0, 1, 0, 2
92_35.jpg,0, 0, 0, 1, 0, 1, 0, 2
92_36.jpg,0, 0, 0, 1, 0, 1, 0, 2
92_37.jpg,0, 0, 0, 1, 0, 1, 0, 2
92_38.jpg,0, 0, 0, 1, 0, 1, 0, 2
92_39.jpg,0, 0, 0, 1, 0, 1, 0, 2
92_40.jpg,0, 0, 0, 1, 0, 1, 0, 2
92_42.jpg,0, 0, 0, 1, 0, 1, 0, 2
93_11.jpg,0, 0, 0, 0, 0, 1, 0, 14
93_12.jpg,0, 0, 0, 0, 0, 1, 0, 14
93_17.jpg,0, 0, 0, 0, 0, 1, 0, 14
93_21.jpg,0, 0, 0, 0, 0, 1, 0, 14
93_24.jpg,0, 0, 0, 0, 0, 1, 0, 14
93_30.jpg,0, 0, 0, 0, 0, 1, 0, 14
93_7.jpg,0, 0, 0, 0, 0, 1, 0, 14
93_8.jpg,0, 0, 0, 0, 0, 1, 0, 14
93_9.jpg,0, 0, 0, 0, 0, 1, 0, 14
95_1.jpg,0, 0, 0, 0, 0, 0, 5, 16
95_10.jpg,0, 0, 0, 0, 0, 0, 5, 16
95_11.jpg,0, 0, 0, 0, 0, 0, 5, 16
95_14.jpg,0, 0, 0, 0, 0, 0, 5, 16
95_15.jpg,0, 0, 0, 0, 0, 0, 5, 16
95_17.jpg,0, 0, 0, 0, 0, 0, 5, 16
95_3.jpg,0, 0, 0, 0, 0, 0, 5, 16
95_4.jpg,0, 0, 0, 0, 0, 0, 5, 16
95_6.jpg,0, 0, 0, 0, 0, 0, 5, 16
95_7.jpg,0, 0, 0, 0, 0, 0, 5, 16
96_23.jpg,0, 0, 0, 0, 0, 1, 0, 12
96_24.jpg,0, 0, 0, 0, 0, 1, 0, 12
96_25.jpg,0, 0, 0, 0, 0, 1, 0, 12
96_26.jpg,0, 0, 0, 0, 0, 1, 0, 12
96_27.jpg,0, 0, 0, 0, 0, 1, 0, 12
96_28.jpg,0, 0, 0, 0, 0, 1, 0, 12
96_29.jpg,0, 0, 0, 0, 0, 1, 0, 12
96_30.jpg,0, 0, 0, 0, 0, 1, 0, 12
96_33.jpg,0, 0, 0, 0, 0, 1, 0, 12
96_35.jpg,0, 0, 0, 0, 0, 1, 0, 12
96_37.jpg,0, 0, 0, 0, 0, 1, 0, 12
96_38.jpg,0, 0, 0, 0, 0, 1, 0, 12
96_39.jpg,0, 0, 0, 0, 0, 1, 0, 12
96_40.jpg,0, 0, 0, 0, 0, 1, 0, 12
96_41.jpg,0, 0, 0, 0, 0, 1, 0, 12
97_1.jpg,0, 0, 0, 0, 0, 1, 1, 15
97_10.jpg,0, 0, 0, 0, 0, 1, 1, 15
97_11.jpg,0, 0, 0, 0, 0, 1, 1, 15
97_12.jpg,0, 0, 0, 0, 0, 1, 1, 15
97_13.jpg,0, 0, 0, 0, 0, 1, 1, 15
97_16.jpg,0, 0, 0, 0, 0, 1, 1, 15
97_17.jpg,0, 0, 0, 0, 0, 1, 1, 15
97_18.jpg,0, 0, 0, 0, 0, 1, 1, 15
97_19.jpg,0, 0, 0, 0, 0, 1, 1, 15
97_20.jpg,0, 0, 0, 0, 0, 1, 1, 15
97_21.jpg,0, 0, 0, 0, 0, 1, 1, 15
97_22.jpg,0, 0, 0, 0, 0, 1, 1, 15
97_23.jpg,0, 0, 0, 0, 0, 1, 1, 15
97_24.jpg,0, 0, 0, 0, 0, 1, 1, 15
97_25.jpg,0, 0, 0, 0, 0, 1, 1, 15
97_4.jpg,0, 0, 0, 0, 0, 1, 1, 15
97_5.jpg,0, 0, 0, 0, 0, 1, 1, 15
97_6.jpg,0, 0, 0, 0, 0, 1, 1, 15
97_7.jpg,0, 0, 0, 0, 0, 1, 1, 15
97_8.jpg,0, 0, 0, 0, 0, 1, 1, 15
97_9.jpg,0, 0, 0, 0, 0, 1, 1, 15
99_14.jpg,0, 0, 0, 0, 0, 1, 2, 3
99_15.jpg,0, 0, 0, 0, 0, 1, 2, 3
99_17.jpg,0, 0, 0, 0, 0, 1, 2, 3
99_18.jpg,0, 0, 0, 0, 0, 1, 2, 3
99_19.jpg,0, 0, 0, 0, 0, 1, 2, 3
99_20.jpg,0, 0, 0, 0, 0, 1, 2, 3
99_21.jpg,0, 0, 0, 0, 0, 1, 2, 3
99_22.jpg,0, 0, 0, 0, 0, 1, 2, 3
99_23.jpg,0, 0, 0, 0, 0, 1, 2, 3
99_26.jpg,0, 0, 0, 0, 0, 1, 2, 3
99_28.jpg,0, 0, 0, 0, 0, 1, 2, 3
99_29.jpg,0, 0, 0, 0, 0, 1, 2, 3
99_3.jpg,0, 0, 0, 0, 0, 1, 2, 3
99_30.jpg,0, 0, 0, 0, 0, 1, 2, 3
99_31.jpg,0, 0, 0, 0, 0, 1, 2, 3
99_32.jpg,0, 0, 0, 0, 0, 1, 2, 3
99_35.jpg,0, 0, 0, 0, 0, 1, 2, 3
99_36.jpg,0, 0, 0, 0, 0, 1, 2, 3
99_39.jpg,0, 0, 0, 0, 0, 1, 2, 3
99_4.jpg,0, 0, 0, 0, 0, 1, 2, 3
99_5.jpg,0, 0, 0, 0, 0, 1, 2, 3
99_8.jpg,0, 0, 0, 0, 0, 1, 2, 3
166_1.jpg,0, 0, 0, 0, 0, 2, 1, 12
166_12.jpg,0, 0, 0, 0, 0, 2, 1, 12
166_13.jpg,0, 0, 0, 0, 0, 2, 1, 12
166_14.jpg,0, 0, 0, 0, 0, 2, 1, 12
166_15.jpg,0, 0, 0, 0, 0, 2, 1, 12
166_16.jpg,0, 0, 0, 0, 0, 2, 1, 12
166_19.jpg,0, 0, 0, 0, 0, 2, 1, 12
166_2.jpg,0, 0, 0, 0, 0, 2, 1, 12
166_20.jpg,0, 0, 0, 0, 0, 2, 1, 12
166_4.jpg,0, 0, 0, 0, 0, 2, 1, 12
166_5.jpg,0, 0, 0, 0, 0, 2, 1, 12
166_6.jpg,0, 0, 0, 0, 0, 2, 1, 12
166_7.jpg,0, 0, 0, 0, 0, 2, 1, 12
166_8.jpg,0, 0, 0, 0, 0, 2, 1, 12
166_9.jpg,0, 0, 0, 0, 0, 2, 1, 12
167_1.jpg,0, 0, 0, 0, 0, 0, 5, 19
167_10.jpg,0, 0, 0, 0, 0, 0, 5, 19
167_11.jpg,0, 0, 0, 0, 0, 0, 5, 19
167_12.jpg,0, 0, 0, 0, 0, 0, 5, 19
167_13.jpg,0, 0, 0, 0, 0, 0, 5, 19
167_14.jpg,0, 0, 0, 0, 0, 0, 5, 19
167_2.jpg,0, 0, 0, 0, 0, 0, 5, 19
167_4.jpg,0, 0, 0, 0, 0, 0, 5, 19
167_5.jpg,0, 0, 0, 0, 0, 0, 5, 19
167_6.jpg,0, 0, 0, 0, 0, 0, 5, 19
167_7.jpg,0, 0, 0, 0, 0, 0, 5, 19
167_9.jpg,0, 0, 0, 0, 0, 0, 5, 19
168_1.jpg,0, 0, 0, 0, 0, 1, 0, 19
168_12.jpg,0, 0, 0, 0, 0, 1, 0, 19
168_13.jpg,0, 0, 0, 0, 0, 1, 0, 19
168_14.jpg,0, 0, 0, 0, 0, 1, 0, 19
168_16.jpg,0, 0, 0, 0, 0, 1, 0, 19
168_2.jpg,0, 0, 0, 0, 0, 1, 0, 19
168_3.jpg,0, 0, 0, 0, 0, 1, 0, 19
168_4.jpg,0, 0, 0, 0, 0, 1, 0, 19
168_5.jpg,0, 0, 0, 0, 0, 1, 0, 19
168_6.jpg,0, 0, 0, 0, 0, 1, 0, 19
168_7.jpg,0, 0, 0, 0, 0, 1, 0, 19
168_8.jpg,0, 0, 0, 0, 0, 1, 0, 19
168_9.jpg,0, 0, 0, 0, 0, 1, 0, 19
169_3.jpg,0, 0, 0, 0, 0, 1, 1, 15
169_4.jpg,0, 0, 0, 0, 0, 1, 1, 15
171_1.jpg,0, 0, 1, 0, 1, 0, 1, 8
171_10.jpg,0, 0, 1, 0, 1, 0, 1, 8
171_15.jpg,0, 0, 1, 0, 1, 0, 1, 8
171_16.jpg,0, 0, 1, 0, 1, 0, 1, 8
171_17.jpg,0, 0, 1, 0, 1, 0, 1, 8
171_3.jpg,0, 0, 1, 0, 1, 0, 1, 8
171_4.jpg,0, 0, 1, 0, 1, 0, 1, 8
171_5.jpg,0, 0, 1, 0, 1, 0, 1, 8
171_6.jpg,0, 0, 1, 0, 1, 0, 1, 8
171_7.jpg,0, 0, 1, 0, 1, 0, 1, 8
171_9.jpg,0, 0, 1, 0, 1, 0, 1, 8
109_1.jpg,0, 0, 0, 1, 0, 0, 0, 6
109_10.jpg,0, 0, 0, 1, 0, 0, 0, 6
109_15.jpg,0, 0, 0, 1, 0, 0, 0, 6
109_21.jpg,0, 0, 0, 1, 0, 0, 0, 6
109_22.jpg,0, 0, 0, 1, 0, 0, 0, 6
109_24.jpg,0, 0, 0, 1, 0, 0, 0, 6
109_25.jpg,0, 0, 0, 1, 0, 0, 0, 6
109_26.jpg,0, 0, 0, 1, 0, 0, 0, 6
109_27.jpg,0, 0, 0, 1, 0, 0, 0, 6
109_28.jpg,0, 0, 0, 1, 0, 0, 0, 6
109_29.jpg,0, 0, 0, 1, 0, 0, 0, 6
109_4.jpg,0, 0, 0, 1, 0, 0, 0, 6
109_5.jpg,0, 0, 0, 1, 0, 0, 0, 6
112_10.jpg,0, 0, 0, 0, 0, 0, 0, 1
112_11.jpg,0, 0, 0, 0, 0, 0, 0, 1
112_12.jpg,0, 0, 0, 0, 0, 0, 0, 1
112_15.jpg,0, 0, 0, 0, 0, 0, 0, 1
112_17.jpg,0, 0, 0, 0, 0, 0, 0, 1
112_18.jpg,0, 0, 0, 0, 0, 0, 0, 1
112_19.jpg,0, 0, 0, 0, 0, 0, 0, 1
112_20.jpg,0, 0, 0, 0, 0, 0, 0, 1
112_23.jpg,0, 0, 0, 0, 0, 0, 0, 1
112_25.jpg,0, 0, 0, 0, 0, 0, 0, 1
112_26.jpg,0, 0, 0, 0, 0, 0, 0, 1
112_3.jpg,0, 0, 0, 0, 0, 0, 0, 1
112_30.jpg,0, 0, 0, 0, 0, 0, 0, 1
112_31.jpg,0, 0, 0, 0, 0, 0, 0, 1
112_34.jpg,0, 0, 0, 0, 0, 0, 0, 1
112_35.jpg,0, 0, 0, 0, 0, 0, 0, 1
112_4.jpg,0, 0, 0, 0, 0, 0, 0, 1
112_5.jpg,0, 0, 0, 0, 0, 0, 0, 1
112_6.jpg,0, 0, 0, 0, 0, 0, 0, 1
112_7.jpg,0, 0, 0, 0, 0, 0, 0, 1
112_8.jpg,0, 0, 0, 0, 0, 0, 0, 1
112_9.jpg,0, 0, 0, 0, 0, 0, 0, 1
115_1.jpg,1, 1, 0, 1, 0, 2, 4, 18
115_14.jpg,1, 1, 0, 1, 0, 2, 4, 18
115_16.jpg,1, 1, 0, 1, 0, 2, 4, 18
115_18.jpg,1, 1, 0, 1, 0, 2, 4, 18
115_20.jpg,1, 1, 0, 1, 0, 2, 4, 18
115_21.jpg,1, 1, 0, 1, 0, 2, 4, 18
115_22.jpg,1, 1, 0, 1, 0, 2, 4, 18
115_28.jpg,1, 1, 0, 1, 0, 2, 4, 18
115_29.jpg,1, 1, 0, 1, 0, 2, 4, 18
115_3.jpg,1, 1, 0, 1, 0, 2, 4, 18
115_30.jpg,1, 1, 0, 1, 0, 2, 4, 18
115_31.jpg,1, 1, 0, 1, 0, 2, 4, 18
115_32.jpg,1, 1, 0, 1, 0, 2, 4, 18
115_33.jpg,1, 1, 0, 1, 0, 2, 4, 18
115_35.jpg,1, 1, 0, 1, 0, 2, 4, 18
115_4.jpg,1, 1, 0, 1, 0, 2, 4, 18
115_6.jpg,1, 1, 0, 1, 0, 2, 4, 18
116_1.jpg,0, 0, 0, 1, 0, 1, 0, 12
116_10.jpg,0, 0, 0, 1, 0, 1, 0, 12
116_11.jpg,0, 0, 0, 1, 0, 1, 0, 12
116_12.jpg,0, 0, 0, 1, 0, 1, 0, 12
116_14.jpg,0, 0, 0, 1, 0, 1, 0, 12
116_16.jpg,0, 0, 0, 1, 0, 1, 0, 12
116_17.jpg,0, 0, 0, 1, 0, 1, 0, 12
116_4.jpg,0, 0, 0, 1, 0, 1, 0, 12
116_7.jpg,0, 0, 0, 1, 0, 1, 0, 12
116_8.jpg,0, 0, 0, 1, 0, 1, 0, 12
116_9.jpg,0, 0, 0, 1, 0, 1, 0, 12
117_1.jpg,1, 0, 0, 0, 0, 2, 5, 18
117_11.jpg,1, 0, 0, 0, 0, 2, 5, 18
117_3.jpg,1, 0, 0, 0, 0, 2, 5, 18
117_4.jpg,1, 0, 0, 0, 0, 2, 5, 18
117_5.jpg,1, 0, 0, 0, 0, 2, 5, 18
117_7.jpg,1, 0, 0, 0, 0, 2, 5, 18
118_1.jpg,1, 1, 0, 1, 0, 2, 4, 9
118_10.jpg,1, 1, 0, 1, 0, 2, 4, 9
118_12.jpg,1, 1, 0, 1, 0, 2, 4, 9
118_13.jpg,1, 1, 0, 1, 0, 2, 4, 9
118_14.jpg,1, 1, 0, 1, 0, 2, 4, 9
118_2.jpg,1, 1, 0, 1, 0, 2, 4, 9
118_3.jpg,1, 1, 0, 1, 0, 2, 4, 9
118_4.jpg,1, 1, 0, 1, 0, 2, 4, 9
118_5.jpg,1, 1, 0, 1, 0, 2, 4, 9
118_7.jpg,1, 1, 0, 1, 0, 2, 4, 9
118_8.jpg,1, 1, 0, 1, 0, 2, 4, 9
118_9.jpg,1, 1, 0, 1, 0, 2, 4, 9
120_25.jpg,0, 0, 1, 0, 1, 0, 1, 4
120_26.jpg,0, 0, 1, 0, 1, 0, 1, 4
120_27.jpg,0, 0, 1, 0, 1, 0, 1, 4
120_28.jpg,0, 0, 1, 0, 1, 0, 1, 4
120_29.jpg,0, 0, 1, 0, 1, 0, 1, 4
120_30.jpg,0, 0, 1, 0, 1, 0, 1, 4
120_31.jpg,0, 0, 1, 0, 1, 0, 1, 4
120_33.jpg,0, 0, 1, 0, 1, 0, 1, 4
120_34.jpg,0, 0, 1, 0, 1, 0, 1, 4
120_35.jpg,0, 0, 1, 0, 1, 0, 1, 4
120_36.jpg,0, 0, 1, 0, 1, 0, 1, 4
127_1.jpg,0, 0, 0, 0, 0, 1, 2, 11
127_10.jpg,0, 0, 0, 0, 0, 1, 2, 11
127_11.jpg,0, 0, 0, 0, 0, 1, 2, 11
127_12.jpg,0, 0, 0, 0, 0, 1, 2, 11
127_13.jpg,0, 0, 0, 0, 0, 1, 2, 11
127_14.jpg,0, 0, 0, 0, 0, 1, 2, 11
127_15.jpg,0, 0, 0, 0, 0, 1, 2, 11
127_16.jpg,0, 0, 0, 0, 0, 1, 2, 11
127_19.jpg,0, 0, 0, 0, 0, 1, 2, 11
127_22.jpg,0, 0, 0, 0, 0, 1, 2, 11
127_23.jpg,0, 0, 0, 0, 0, 1, 2, 11
127_24.jpg,0, 0, 0, 0, 0, 1, 2, 11
127_25.jpg,0, 0, 0, 0, 0, 1, 2, 11
127_4.jpg,0, 0, 0, 0, 0, 1, 2, 11
127_5.jpg,0, 0, 0, 0, 0, 1, 2, 11
127_7.jpg,0, 0, 0, 0, 0, 1, 2, 11
127_9.jpg,0, 0, 0, 0, 0, 1, 2, 11
129_12.jpg,0, 0, 1, 0, 1, 0, 1, 4
129_14.jpg,0, 0, 1, 0, 1, 0, 1, 4
129_20.jpg,0, 0, 1, 0, 1, 0, 1, 4
129_21.jpg,0, 0, 1, 0, 1, 0, 1, 4
129_22.jpg,0, 0, 1, 0, 1, 0, 1, 4
129_23.jpg,0, 0, 1, 0, 1, 0, 1, 4
129_24.jpg,0, 0, 1, 0, 1, 0, 1, 4
129_26.jpg,0, 0, 1, 0, 1, 0, 1, 4
129_27.jpg,0, 0, 1, 0, 1, 0, 1, 4
129_3.jpg,0, 0, 1, 0, 1, 0, 1, 4
129_4.jpg,0, 0, 1, 0, 1, 0, 1, 4
129_5.jpg,0, 0, 1, 0, 1, 0, 1, 4
129_6.jpg,0, 0, 1, 0, 1, 0, 1, 4
129_7.jpg,0, 0, 1, 0, 1, 0, 1, 4
138_34.jpg,0, 0, 1, 0, 1, 0, 1, 8
138_35.jpg,0, 0, 1, 0, 1, 0, 1, 8
138_38.jpg,0, 0, 1, 0, 1, 0, 1, 8
138_39.jpg,0, 0, 1, 0, 1, 0, 1, 8
138_41.jpg,0, 0, 1, 0, 1, 0, 1, 8
138_43.jpg,0, 0, 1, 0, 1, 0, 1, 8
138_44.jpg,0, 0, 1, 0, 1, 0, 1, 8
138_45.jpg,0, 0, 1, 0, 1, 0, 1, 8
138_46.jpg,0, 0, 1, 0, 1, 0, 1, 8
138_47.jpg,0, 0, 1, 0, 1, 0, 1, 8
138_50.jpg,0, 0, 1, 0, 1, 0, 1, 8
138_52.jpg,0, 0, 1, 0, 1, 0, 1, 8
138_53.jpg,0, 0, 1, 0, 1, 0, 1, 8
138_55.jpg,0, 0, 1, 0, 1, 0, 1, 8
18_14.jpg,0, 0, 0, 0, 0, 0, 2, 3
18_15.jpg,0, 0, 0, 0, 0, 0, 2, 3
18_19.jpg,0, 0, 0, 0, 0, 0, 2, 3
18_2.jpg,0, 0, 0, 0, 0, 0, 2, 3
18_3.jpg,0, 0, 0, 0, 0, 0, 2, 3
18_4.jpg,0, 0, 0, 0, 0, 0, 2, 3
18_5.jpg,0, 0, 0, 0, 0, 0, 2, 3
18_6.jpg,0, 0, 0, 0, 0, 0, 2, 3
18_7.jpg,0, 0, 0, 0, 0, 0, 2, 3
21_1.jpg,0, 0, 0, 0, 0, 1, 2, 3
21_10.jpg,0, 0, 0, 0, 0, 1, 2, 3
21_12.jpg,0, 0, 0, 0, 0, 1, 2, 3
21_14.jpg,0, 0, 0, 0, 0, 1, 2, 3
21_15.jpg,0, 0, 0, 0, 0, 1, 2, 3
21_16.jpg,0, 0, 0, 0, 0, 1, 2, 3
21_2.jpg,0, 0, 0, 0, 0, 1, 2, 3
21_3.jpg,0, 0, 0, 0, 0, 1, 2, 3
21_4.jpg,0, 0, 0, 0, 0, 1, 2, 3
21_5.jpg,0, 0, 0, 0, 0, 1, 2, 3
21_6.jpg,0, 0, 0, 0, 0, 1, 2, 3
21_7.jpg,0, 0, 0, 0, 0, 1, 2, 3
21_8.jpg,0, 0, 0, 0, 0, 1, 2, 3
23_10.jpg,0, 1, 0, 0, 0, 1, 0, 14
23_12.jpg,0, 1, 0, 0, 0, 1, 0, 14
23_13.jpg,0, 1, 0, 0, 0, 1, 0, 14
23_14.jpg,0, 1, 0, 0, 0, 1, 0, 14
23_16.jpg,0, 1, 0, 0, 0, 1, 0, 14
23_18.jpg,0, 1, 0, 0, 0, 1, 0, 14
23_19.jpg,0, 1, 0, 0, 0, 1, 0, 14
23_20.jpg,0, 1, 0, 0, 0, 1, 0, 14
23_6.jpg,0, 1, 0, 0, 0, 1, 0, 14
23_7.jpg,0, 1, 0, 0, 0, 1, 0, 14
23_8.jpg,0, 1, 0, 0, 0, 1, 0, 14
23_9.jpg,0, 1, 0, 0, 0, 1, 0, 14
28_10.jpg,0, 0, 0, 1, 0, 0, 0, 2
28_11.jpg,0, 0, 0, 1, 0, 0, 0, 2
28_12.jpg,0, 0, 0, 1, 0, 0, 0, 2
28_13.jpg,0, 0, 0, 1, 0, 0, 0, 2
28_14.jpg,0, 0, 0, 1, 0, 0, 0, 2
28_15.jpg,0, 0, 0, 1, 0, 0, 0, 2
28_17.jpg,0, 0, 0, 1, 0, 0, 0, 2
28_7.jpg,0, 0, 0, 1, 0, 0, 0, 2
28_9.jpg,0, 0, 0, 1, 0, 0, 0, 2
31_1.jpg,0, 0, 0, 0, 1, 2, 1, 13
31_12.jpg,0, 0, 0, 0, 1, 2, 1, 13
31_14.jpg,0, 0, 0, 0, 1, 2, 1, 13
31_15.jpg,0, 0, 0, 0, 1, 2, 1, 13
31_17.jpg,0, 0, 0, 0, 1, 2, 1, 13
31_18.jpg,0, 0, 0, 0, 1, 2, 1, 13
31_19.jpg,0, 0, 0, 0, 1, 2, 1, 13
31_2.jpg,0, 0, 0, 0, 1, 2, 1, 13
31_20.jpg,0, 0, 0, 0, 1, 2, 1, 13
31_3.jpg,0, 0, 0, 0, 1, 2, 1, 13
31_4.jpg,0, 0, 0, 0, 1, 2, 1, 13
31_5.jpg,0, 0, 0, 0, 1, 2, 1, 13
31_6.jpg,0, 0, 0, 0, 1, 2, 1, 13
31_7.jpg,0, 0, 0, 0, 1, 2, 1, 13
31_9.jpg,0, 0, 0, 0, 1, 2, 1, 13
40_19.jpg,0, 1, 0, 1, 0, 2, 3, 9
40_20.jpg,0, 1, 0, 1, 0, 2, 3, 9
40_21.jpg,0, 1, 0, 1, 0, 2, 3, 9
40_23.jpg,0, 1, 0, 1, 0, 2, 3, 9
40_27.jpg,0, 1, 0, 1, 0, 2, 3, 9
40_3.jpg,0, 1, 0, 1, 0, 2, 3, 9
40_31.jpg,0, 1, 0, 1, 0, 2, 3, 9
40_33.jpg,0, 1, 0, 1, 0, 2, 3, 9
40_34.jpg,0, 1, 0, 1, 0, 2, 3, 9
40_35.jpg,0, 1, 0, 1, 0, 2, 3, 9
40_4.jpg,0, 1, 0, 1, 0, 2, 3, 9
60_11.jpg,0, 0, 0, 0, 0, 0, 2, 0
60_13.jpg,0, 0, 0, 0, 0, 0, 2, 0
60_19.jpg,0, 0, 0, 0, 0, 0, 2, 0
60_2.jpg,0, 0, 0, 0, 0, 0, 2, 0
60_20.jpg,0, 0, 0, 0, 0, 0, 2, 0
60_21.jpg,0, 0, 0, 0, 0, 0, 2, 0
60_25.jpg,0, 0, 0, 0, 0, 0, 2, 0
60_26.jpg,0, 0, 0, 0, 0, 0, 2, 0
60_27.jpg,0, 0, 0, 0, 0, 0, 2, 0
60_28.jpg,0, 0, 0, 0, 0, 0, 2, 0
60_4.jpg,0, 0, 0, 0, 0, 0, 2, 0
60_5.jpg,0, 0, 0, 0, 0, 0, 2, 0
60_7.jpg,0, 0, 0, 0, 0, 0, 2, 0
60_9.jpg,0, 0, 0, 0, 0, 0, 2, 0
66_15.jpg,0, 1, 0, 1, 0, 1, 0, 2
66_16.jpg,0, 1, 0, 1, 0, 1, 0, 2
66_17.jpg,0, 1, 0, 1, 0, 1, 0, 2
66_18.jpg,0, 1, 0, 1, 0, 1, 0, 2
66_19.jpg,0, 1, 0, 1, 0, 1, 0, 2
66_2.jpg,0, 1, 0, 1, 0, 1, 0, 2
66_20.jpg,0, 1, 0, 1, 0, 1, 0, 2
66_21.jpg,0, 1, 0, 1, 0, 1, 0, 2
66_22.jpg,0, 1, 0, 1, 0, 1, 0, 2
66_23.jpg,0, 1, 0, 1, 0, 1, 0, 2
66_4.jpg,0, 1, 0, 1, 0, 1, 0, 2
66_6.jpg,0, 1, 0, 1, 0, 1, 0, 2
66_7.jpg,0, 1, 0, 1, 0, 1, 0, 2
66_8.jpg,0, 1, 0, 1, 0, 1, 0, 2
66_9.jpg,0, 1, 0, 1, 0, 1, 0, 2
67_1.jpg,0, 0, 0, 1, 0, 0, 1, 19
67_10.jpg,0, 0, 0, 1, 0, 0, 1, 19
67_11.jpg,0, 0, 0, 1, 0, 0, 1, 19
67_12.jpg,0, 0, 0, 1, 0, 0, 1, 19
67_13.jpg,0, 0, 0, 1, 0, 0, 1, 19
67_16.jpg,0, 0, 0, 1, 0, 0, 1, 19
67_17.jpg,0, 0, 0, 1, 0, 0, 1, 19
67_18.jpg,0, 0, 0, 1, 0, 0, 1, 19
67_19.jpg,0, 0, 0, 1, 0, 0, 1, 19
67_2.jpg,0, 0, 0, 1, 0, 0, 1, 19
67_20.jpg,0, 0, 0, 1, 0, 0, 1, 19
67_21.jpg,0, 0, 0, 1, 0, 0, 1, 19
67_22.jpg,0, 0, 0, 1, 0, 0, 1, 19
67_24.jpg,0, 0, 0, 1, 0, 0, 1, 19
67_25.jpg,0, 0, 0, 1, 0, 0, 1, 19
67_3.jpg,0, 0, 0, 1, 0, 0, 1, 19
67_4.jpg,0, 0, 0, 1, 0, 0, 1, 19
67_5.jpg,0, 0, 0, 1, 0, 0, 1, 19
67_6.jpg,0, 0, 0, 1, 0, 0, 1, 19
67_8.jpg,0, 0, 0, 1, 0, 0, 1, 19
67_9.jpg,0, 0, 0, 1, 0, 0, 1, 19
70_1.jpg,1, 0, 0, 0, 0, 2, 5, 18
70_10.jpg,1, 0, 0, 0, 0, 2, 5, 18
70_11.jpg,1, 0, 0, 0, 0, 2, 5, 18
70_12.jpg,1, 0, 0, 0, 0, 2, 5, 18
70_13.jpg,1, 0, 0, 0, 0, 2, 5, 18
70_14.jpg,1, 0, 0, 0, 0, 2, 5, 18
70_16.jpg,1, 0, 0, 0, 0, 2, 5, 18
70_17.jpg,1, 0, 0, 0, 0, 2, 5, 18
70_2.jpg,1, 0, 0, 0, 0, 2, 5, 18
70_3.jpg,1, 0, 0, 0, 0, 2, 5, 18
70_4.jpg,1, 0, 0, 0, 0, 2, 5, 18
70_5.jpg,1, 0, 0, 0, 0, 2, 5, 18
70_6.jpg,1, 0, 0, 0, 0, 2, 5, 18
70_7.jpg,1, 0, 0, 0, 0, 2, 5, 18
73_1.jpg,0, 1, 0, 1, 0, 2, 3, 9
73_10.jpg,0, 1, 0, 1, 0, 2, 3, 9
73_11.jpg,0, 1, 0, 1, 0, 2, 3, 9
73_12.jpg,0, 1, 0, 1, 0, 2, 3, 9
73_13.jpg,0, 1, 0, 1, 0, 2, 3, 9
73_14.jpg,0, 1, 0, 1, 0, 2, 3, 9
73_15.jpg,0, 1, 0, 1, 0, 2, 3, 9
73_2.jpg,0, 1, 0, 1, 0, 2, 3, 9
73_28.jpg,0, 1, 0, 1, 0, 2, 3, 9
73_30.jpg,0, 1, 0, 1, 0, 2, 3, 9
73_5.jpg,0, 1, 0, 1, 0, 2, 3, 9
73_6.jpg,0, 1, 0, 1, 0, 2, 3, 9
73_7.jpg,0, 1, 0, 1, 0, 2, 3, 9
73_9.jpg,0, 1, 0, 1, 0, 2, 3, 9
74_1.jpg,0, 0, 0, 1, 0, 3, 0, 7
74_10.jpg,0, 0, 0, 1, 0, 3, 0, 7
74_12.jpg,0, 0, 0, 1, 0, 3, 0, 7
74_13.jpg,0, 0, 0, 1, 0, 3, 0, 7
74_15.jpg,0, 0, 0, 1, 0, 3, 0, 7
74_18.jpg,0, 0, 0, 1, 0, 3, 0, 7
74_19.jpg,0, 0, 0, 1, 0, 3, 0, 7
74_20.jpg,0, 0, 0, 1, 0, 3, 0, 7
74_22.jpg,0, 0, 0, 1, 0, 3, 0, 7
74_24.jpg,0, 0, 0, 1, 0, 3, 0, 7
74_25.jpg,0, 0, 0, 1, 0, 3, 0, 7
74_26.jpg,0, 0, 0, 1, 0, 3, 0, 7
74_4.jpg,0, 0, 0, 1, 0, 3, 0, 7
74_6.jpg,0, 0, 0, 1, 0, 3, 0, 7
86_1.jpg,0, 0, 0, 0, 0, 0, 5, 16
86_2.jpg,0, 0, 0, 0, 0, 0, 5, 16
86_3.jpg,0, 0, 0, 0, 0, 0, 5, 16
86_4.jpg,0, 0, 0, 0, 0, 0, 5, 16
86_5.jpg,0, 0, 0, 0, 0, 0, 5, 16
86_6.jpg,0, 0, 0, 0, 0, 0, 5, 16
86_7.jpg,0, 0, 0, 0, 0, 0, 5, 16
86_8.jpg,0, 0, 0, 0, 0, 0, 5, 16
94_1.jpg,0, 0, 0, 0, 0, 1, 0, 14
94_10.jpg,0, 0, 0, 0, 0, 1, 0, 14
94_11.jpg,0, 0, 0, 0, 0, 1, 0, 14
94_12.jpg,0, 0, 0, 0, 0, 1, 0, 14
94_13.jpg,0, 0, 0, 0, 0, 1, 0, 14
94_14.jpg,0, 0, 0, 0, 0, 1, 0, 14
94_15.jpg,0, 0, 0, 0, 0, 1, 0, 14
94_16.jpg,0, 0, 0, 0, 0, 1, 0, 14
94_17.jpg,0, 0, 0, 0, 0, 1, 0, 14
94_18.jpg,0, 0, 0, 0, 0, 1, 0, 14
94_19.jpg,0, 0, 0, 0, 0, 1, 0, 14
94_2.jpg,0, 0, 0, 0, 0, 1, 0, 14
94_20.jpg,0, 0, 0, 0, 0, 1, 0, 14
94_21.jpg,0, 0, 0, 0, 0, 1, 0, 14
94_3.jpg,0, 0, 0, 0, 0, 1, 0, 14
94_4.jpg,0, 0, 0, 0, 0, 1, 0, 14
94_5.jpg,0, 0, 0, 0, 0, 1, 0, 14
94_7.jpg,0, 0, 0, 0, 0, 1, 0, 14
98_10.jpg,0, 0, 0, 1, 0, 0, 2, 17
98_12.jpg,0, 0, 0, 1, 0, 0, 2, 17
98_13.jpg,0, 0, 0, 1, 0, 0, 2, 17
98_15.jpg,0, 0, 0, 1, 0, 0, 2, 17
98_16.jpg,0, 0, 0, 1, 0, 0, 2, 17
98_17.jpg,0, 0, 0, 1, 0, 0, 2, 17
98_18.jpg,0, 0, 0, 1, 0, 0, 2, 17
98_19.jpg,0, 0, 0, 1, 0, 0, 2, 17
98_24.jpg,0, 0, 0, 1, 0, 0, 2, 17
98_25.jpg,0, 0, 0, 1, 0, 0, 2, 17
98_3.jpg,0, 0, 0, 1, 0, 0, 2, 17
98_4.jpg,0, 0, 0, 1, 0, 0, 2, 17
98_5.jpg,0, 0, 0, 1, 0, 0, 2, 17
98_8.jpg,0, 0, 0, 1, 0, 0, 2, 17
98_9.jpg,0, 0, 0, 1, 0, 0, 2, 17
165_8.jpg,0, 0, 0, 0, 0, 0, 1, 16
170_1.jpg,0, 0, 0, 0, 0, 1, 2, 0
170_12.jpg,0, 0, 0, 0, 0, 1, 2, 0
170_13.jpg,0, 0, 0, 0, 0, 1, 2, 0
170_14.jpg,0, 0, 0, 0, 0, 1, 2, 0
170_15.jpg,0, 0, 0, 0, 0, 1, 2, 0
170_17.jpg,0, 0, 0, 0, 0, 1, 2, 0
170_18.jpg,0, 0, 0, 0, 0, 1, 2, 0
170_19.jpg,0, 0, 0, 0, 0, 1, 2, 0
170_20.jpg,0, 0, 0, 0, 0, 1, 2, 0
170_21.jpg,0, 0, 0, 0, 0, 1, 2, 0
170_22.jpg,0, 0, 0, 0, 0, 1, 2, 0
170_23.jpg,0, 0, 0, 0, 0, 1, 2, 0
170_26.jpg,0, 0, 0, 0, 0, 1, 2, 0
170_6.jpg,0, 0, 0, 0, 0, 1, 2, 0
170_7.jpg,0, 0, 0, 0, 0, 1, 2, 0
170_8.jpg,0, 0, 0, 0, 0, 1, 2, 0
170_9.jpg,0, 0, 0, 0, 0, 1, 2, 0